OUTPUT 1:

lattice dimensions (ndim):  50
PARAMS:
rho:  0.475000000000000
s:  4.75000000000000*sqrt(2)
q:  860



BEGIN KEYGEN::::

QUADRATIC FORM S=I_n
PRIV/SECRET KEY, U
[ 0  0  0  0  0  0  0  0  0  0  0  0  0  0  0  0  0  0  0  0  0  0  0  0  0 -1  0  0  0  0  0  0  0  0  0  0  0  0  0  0  0  0  0  0  0  0  0  0  0  0]
[ 0  0  0  0  0  0  0  0  0  0  0  0  0  0  0  0  0  0  0  0  0 -1  0  0  0  0  0  0  0  0  0  0  0  0  0  0  0  0  0  0  0  0  0  0  0  0  0  0  0  0]
[ 0  0  0  0  0  1  0  0  0  0  0  0  0  0  0  0  0  0  0  0  0  0  0  0  0  0  0  0  0  0  0  0  0  0  0  0  0  0  0  0  0  0  0  0  0  0  0  0  0  0]
[ 0  0  0  0  0  0  0  0  0  0  0  0  0  0  0  0  0  0  0  0  0  0  0  0  0  0  0  0  0  0  0  0  0  0  0  0  0  0  0  0  0  0  0  0  0  1  0  0  0  0]
[ 0  0  0  0  0  0  0  0  0  0  0  0  0  0  0  0  0  0  0  0  0  0  0  0  0  0  0  0  0  0 -1  0  0  0  0  0  0  0  0  0  0  0  0  0  0  0  0  0  0  0]
[ 0  0  0  0  0  0  0  0  0  0  0  0  0  0  0  0  0  0  0  0  0  0  0  0  0  0  0  0  0  0  0  0  0  0  1  0  0  0  0  0  0  0  0  0  0  0  0  0  0  0]
[ 0 -1  0  0  0  0  0  0  0  0  0  0  0  0  0  0  0  0  0  0  0  0  0  0  0  0  0  0  0  0  0  0  0  0  0  0  0  0  0  0  0  0  0  0  0  0  0  0  0  0]
[ 0  0  0  0  1  0  0  0  0  0  0  0  0  0  0  0  0  0  0  0  0  0  0  0  0  0  0  0  0  0  0  0  0  0  0  0  0  0  0  0  0  0  0  0  0  0  0  0  0  0]
[ 0  0  0  0  0  0 -1  0  0  0  0  0  0  0  0  0  0  0  0  0  0  0  0  0  0  0  0  0  0  0  0  0  0  0  0  0  0  0  0  0  0  0  0  0  0  0  0  0  0  0]
[ 0  0  0  0  0  0  0  0  0  0  0  0  0  0  0  0  0  0 -1  0  0  0  0  0  0  0  0  0  0  0  0  0  0  0  0  0  0  0  0  0  0  0  0  0  0  0  0  0  0  0]
[ 0  0  0  0  0  0  0  0  0  0  0  0  0  0  0  0  0  0  0  0  0  0  0  0  0  0  0  0  0  0  0  0  0  0  0  0  0  0  0  0  0  0  0  0  0  0  0  0  0  1]
[ 0  0  0  0  0  0  0  0  0  0  0  0  0  0  0  1  0  0  0  0  0  0  0  0  0  0  0  0  0  0  0  0  0  0  0  0  0  0  0  0  0  0  0  0  0  0  0  0  0  0]
[ 0  0  0  0  0  0  0  0  0  0  0  0  0  0  0  0  0  0  0  0  0  0  0  0  0  0  0  0  0  0  0  0  0  0  0  0  0  0  0  0  0  0  0  0  0  0  1  0  0  0]
[ 0  0  0  0  0  0  0  1  0  0  0  0  0  0  0  0  0  0  0  0  0  0  0  0  0  0  0  0  0  0  0  0  0  0  0  0  0  0  0  0  0  0  0  0  0  0  0  0  0  0]
[ 0  0  0  0  0  0  0  0  0  0  0  0  0  0  0  0  0  0  0  0  0  0  0  0  0  0  0  0  0  0  0 -1  0  0  0  0  0  0  0  0  0  0  0  0  0  0  0  0  0  0]
[ 0  0  0  0  0  0  0  0 -1  0  0  0  0  0  0  0  0  0  0  0  0  0  0  0  0  0  0  0  0  0  0  0  0  0  0  0  0  0  0  0  0  0  0  0  0  0  0  0  0  0]
[ 0  0  0  0  0  0  0  0  0  0  0  0  0  0  0  0  0  0  0  0  0  0  0  0  0  0  0  0  0  0  0  0  0  1  0  0  0  0  0  0  0  0  0  0  0  0  0  0  0  0]
[ 0  0  0  0  0  0  0  0  0  0  0  0  0  0  0  0  0  0  0  0  0  0  0  0  1  0  0  0  0  0  0  0  0  0  0  0  0  0  0  0  0  0  0  0  0  0  0  0  0  0]
[ 0  0  0  0  0  0  0  0  0  0  0  0  0  0  0  0  0  0  0  0  0  0  0  0  0  0  0  0  0  0  0  0  0  0  0  0  0  1  0  0  0  0  0  0  0  0  0  0  0  0]
[ 0  0  0  0  0  0  0  0  0  0  0  0  0  0  0  0  0  0  0  0  0  0  0 -1  0  0  0  0  0  0  0  0  0  0  0  0  0  0  0  0  0  0  0  0  0  0  0  0  0  0]
[ 0  0  0  0  0  0  0  0  0  0  0  0  0  0  0  0  0  0  0  0  0  0  0  0  0  0  0  0  0  0  0  0  0  0  0  0  0  0  0  0  1  0  0  0  0  0  0  0  0  0]
[ 0  0  0  0  0  0  0  0  0  0  0  0  0  0  0  0  0  0  0  0  0  0  0  0  0  0  0  0  0  1  0  0  0  0  0  0  0  0  0  0  0  0  0  0  0  0  0  0  0  0]
[ 0  0  0  0  0  0  0  0  0  0  0  0  0  0  0  0  0  0  0  0  0  0  0  0  0  0  0  0  0  0  0  0  0  0  0  0  0  0  0  0  0  0  0  1  0  0  0  0  0  0]
[ 0  0  0  0  0  0  0  0  0  0  0  0  0  0  0  0  0  0  0  0 -1  0  0  0  0  0  0  0  0  0  0  0  0  0  0  0  0  0  0  0  0  0  0  0  0  0  0  0  0  0]
[ 0  0  0  0  0  0  0  0  0  0  0  0  0  0  1  0  0  0  0  0  0  0  0  0  0  0  0  0  0  0  0  0  0  0  0  0  0  0  0  0  0  0  0  0  0  0  0  0  0  0]
[ 0  0  0  0  0  0  0  0  0  0  0 -1  0  0  0  0  0  0  0  0  0  0  0  0  0  0  0  0  0  0  0  0  0  0  0  0  0  0  0  0  0  0  0  0  0  0  0  0  0  0]
[ 0  0  0  0  0  0  0  0  0  0  0  0  0  0  0  0  0  0  0  0  0  0  0  0  0  0  0  0  0  0  0  0  0  0  0  0 -1  0  0  0  0  0  0  0  0  0  0  0  0  0]
[ 0  0  0  0  0  0  0  0  0  0  0  0  0  0  0  0  0 -1  0  0  0  0  0  0  0  0  0  0  0  0  0  0  0  0  0  0  0  0  0  0  0  0  0  0  0  0  0  0  0  0]
[ 0  0  0  0  0  0  0  0  0  0  0  0  0  0  0  0  0  0  0  0  0  0  0  0  0  0 -1  0  0  0  0  0  0  0  0  0  0  0  0  0  0  0  0  0  0  0  0  0  0  0]
[ 0  0  0  0  0  0  0  0  0  0  0  0  0  0  0  0  0  0  0  0  0  0 -1  0  0  0  0  0  0  0  0  0  0  0  0  0  0  0  0  0  0  0  0  0  0  0  0  0  0  0]
[ 0  0  0  0  0  0  0  0  0  0  0  0  0  0  0  0  0  0  0  0  0  0  0  0  0  0  0  0  0  0  0  0  0  0  0 -1  0  0  0  0  0  0  0  0  0  0  0  0  0  0]
[ 0  0  0  0  0  0  0  0  0  0  0  0  0 -1  0  0  0  0  0  0  0  0  0  0  0  0  0  0  0  0  0  0  0  0  0  0  0  0  0  0  0  0  0  0  0  0  0  0  0  0]
[ 0  0  0  0  0  0  0  0  0  0  0  0  0  0  0  0  0  0  0  0  0  0  0  0  0  0  0  0  0  0  0  0  0  0  0  0  0  0  0  0  0  0  1  0  0  0  0  0  0  0]
[ 0  0  0  0  0  0  0  0  0  0  0  0  0  0  0  0  0  0  0  0  0  0  0  0  0  0  0  0  1  0  0  0  0  0  0  0  0  0  0  0  0  0  0  0  0  0  0  0  0  0]
[ 0  0  0  0  0  0  0  0  0  1  0  0  0  0  0  0  0  0  0  0  0  0  0  0  0  0  0  0  0  0  0  0  0  0  0  0  0  0  0  0  0  0  0  0  0  0  0  0  0  0]
[ 0  0  0  0  0  0  0  0  0  0  0  0  0  0  0  0  0  0  0  0  0  0  0  0  0  0  0  0  0  0  0  0  0  0  0  0  0  0 -1  0  0  0  0  0  0  0  0  0  0  0]
[ 0  0 -1  0  0  0  0  0  0  0  0  0  0  0  0  0  0  0  0  0  0  0  0  0  0  0  0  0  0  0  0  0  0  0  0  0  0  0  0  0  0  0  0  0  0  0  0  0  0  0]
[ 0  0  0  0  0  0  0  0  0  0  0  0  0  0  0  0  0  0  0  0  0  0  0  0  0  0  0  0  0  0  0  0  0  0  0  0  0  0  0  0  0  0  0  0 -1  0  0  0  0  0]
[ 0  0  0  0  0  0  0  0  0  0  0  0  1  0  0  0  0  0  0  0  0  0  0  0  0  0  0  0  0  0  0  0  0  0  0  0  0  0  0  0  0  0  0  0  0  0  0  0  0  0]
[ 0  0  0 -1  0  0  0  0  0  0  0  0  0  0  0  0  0  0  0  0  0  0  0  0  0  0  0  0  0  0  0  0  0  0  0  0  0  0  0  0  0  0  0  0  0  0  0  0  0  0]
[ 0  0  0  0  0  0  0  0  0  0  0  0  0  0  0  0  0  0  0 -1  0  0  0  0  0  0  0  0  0  0  0  0  0  0  0  0  0  0  0  0  0  0  0  0  0  0  0  0  0  0]
[-1  0  0  0  0  0  0  0  0  0  0  0  0  0  0  0  0  0  0  0  0  0  0  0  0  0  0  0  0  0  0  0  0  0  0  0  0  0  0  0  0  0  0  0  0  0  0  0  0  0]
[ 0  0  0  0  0  0  0  0  0  0  0  0  0  0  0  0  0  0  0  0  0  0  0  0  0  0  0  0  0  0  0  0  1  0  0  0  0  0  0  0  0  0  0  0  0  0  0  0  0  0]
[ 0  0  0  0  0  0  0  0  0  0  0  0  0  0  0  0  1  0  0  0  0  0  0  0  0  0  0  0  0  0  0  0  0  0  0  0  0  0  0  0  0  0  0  0  0  0  0  0  0  0]
[ 0  0  0  0  0  0  0  0  0  0  0  0  0  0  0  0  0  0  0  0  0  0  0  0  0  0  0  0  0  0  0  0  0  0  0  0  0  0  0  0  0  0  0  0  0  0  0  0  1  0]
[ 0  0  0  0  0  0  0  0  0  0  1  0  0  0  0  0  0  0  0  0  0  0  0  0  0  0  0  0  0  0  0  0  0  0  0  0  0  0  0  0  0  0  0  0  0  0  0  0  0  0]
[ 0  0  0  0  0  0  0  0  0  0  0  0  0  0  0  0  0  0  0  0  0  0  0  0  0  0  0  1  0  0  0  0  0  0  0  0  0  0  0  0  0  0  0  0  0  0  0  0  0  0]
[ 0  0  0  0  0  0  0  0  0  0  0  0  0  0  0  0  0  0  0  0  0  0  0  0  0  0  0  0  0  0  0  0  0  0  0  0  0  0  0  0  0  0  0  0  0  0  0  1  0  0]
[ 0  0  0  0  0  0  0  0  0  0  0  0  0  0  0  0  0  0  0  0  0  0  0  0  0  0  0  0  0  0  0  0  0  0  0  0  0  0  0 -1  0  0  0  0  0  0  0  0  0  0]
[ 0  0  0  0  0  0  0  0  0  0  0  0  0  0  0  0  0  0  0  0  0  0  0  0  0  0  0  0  0  0  0  0  0  0  0  0  0  0  0  0  0 -1  0  0  0  0  0  0  0  0]
SECRET KEY DETERMINANT:  1
PUBLIC KEY/QUADRATIC FORM P = U^t * S * U = I_n



BEGIN ENCAPS::::

sample  (4, -70, 66, -22, 43, 48, -72, 91, 8, 112, 87, 67, -61, -15, 1, -24, -65, 32, 47, 58, 73, -105, -28, 16, -34, -80, 58, -16, 32, -54, 20, 4, -4, 18, -31, 13, 60, 41, 22, 101, 36, -116, -88, 10, -49, -20, -28, -28, 83, 39)
e_vec  [1/215, -7/86, 33/430, -11/430, 1/20, 12/215, -18/215, 91/860, 2/215, 28/215, 87/860, 67/860, -61/860, -3/172, 1/860, -6/215, -13/172, 8/215, 47/860, 29/430, 73/860, -21/172, -7/215, 4/215, -17/430, -4/43, 29/430, -4/215, 8/215, -27/430, 1/43, 1/215, -1/215, 9/430, -31/860, 13/860, 3/43, 41/860, 11/430, 101/860, 9/215, -29/215, -22/215, 1/86, -49/860, -1/43, -7/215, -7/215, 83/860, 39/860]
e vector:  [1/215, -7/86, 33/430, -11/430, 1/20, 12/215, -18/215, 91/860, 2/215, 28/215, 87/860, 67/860, -61/860, -3/172, 1/860, -6/215, -13/172, 8/215, 47/860, 29/430, 73/860, -21/172, -7/215, 4/215, -17/430, -4/43, 29/430, -4/215, 8/215, -27/430, 1/43, 1/215, -1/215, 9/430, -31/860, 13/860, 3/43, 41/860, 11/430, 101/860, 9/215, -29/215, -22/215, 1/86, -49/860, -1/43, -7/215, -7/215, 83/860, 39/860]
c vector :::  [1/215, 79/86, 33/430, 419/430, 1/20, 12/215, 197/215, 91/860, 2/215, 28/215, 87/860, 67/860, 799/860, 169/172, 1/860, 209/215, 159/172, 8/215, 47/860, 29/430, 73/860, 151/172, 208/215, 4/215, 413/430, 39/43, 29/430, 211/215, 8/215, 403/430, 1/43, 1/215, 214/215, 9/430, 829/860, 13/860, 3/43, 41/860, 11/430, 101/860, 9/215, 186/215, 193/215, 1/86, 811/860, 42/43, 208/215, 208/215, 83/860, 39/860]
extractor input vector: :::  [1/215, -7/86, 33/430, -11/430, 1/20, 12/215, -18/215, 91/860, 2/215, 28/215, 87/860, 67/860, -61/860, -3/172, 1/860, -6/215, -13/172, 8/215, 47/860, 29/430, 73/860, -21/172, -7/215, 4/215, -17/430, -4/43, 29/430, -4/215, 8/215, -27/430, 1/43, 1/215, -1/215, 9/430, -31/860, 13/860, 3/43, 41/860, 11/430, 101/860, 9/215, -29/215, -22/215, 1/86, -49/860, -1/43, -7/215, -7/215, 83/860, 39/860]
encaps_symmetric_k:  21d86e81291f380a0d9f92eba40789b32d19700480f46dac0021dd28ed05c1b9
((c), k) ::::  [[[1/215, 79/86, 33/430, 419/430, 1/20, 12/215, 197/215, 91/860, 2/215, 28/215, 87/860, 67/860, 799/860, 169/172, 1/860, 209/215, 159/172, 8/215, 47/860, 29/430, 73/860, 151/172, 208/215, 4/215, 413/430, 39/43, 29/430, 211/215, 8/215, 403/430, 1/43, 1/215, 214/215, 9/430, 829/860, 13/860, 3/43, 41/860, 11/430, 101/860, 9/215, 186/215, 193/215, 1/86, 811/860, 42/43, 208/215, 208/215, 83/860, 39/860]], '21d86e81291f380a0d9f92eba40789b32d19700480f46dac0021dd28ed05c1b9']



BEGIN DECAPS::::

inputs: secret_key = U =
 [ 0  0  0  0  0  0  0  0  0  0  0  0  0  0  0  0  0  0  0  0  0  0  0  0  0 -1  0  0  0  0  0  0  0  0  0  0  0  0  0  0  0  0  0  0  0  0  0  0  0  0]
[ 0  0  0  0  0  0  0  0  0  0  0  0  0  0  0  0  0  0  0  0  0 -1  0  0  0  0  0  0  0  0  0  0  0  0  0  0  0  0  0  0  0  0  0  0  0  0  0  0  0  0]
[ 0  0  0  0  0  1  0  0  0  0  0  0  0  0  0  0  0  0  0  0  0  0  0  0  0  0  0  0  0  0  0  0  0  0  0  0  0  0  0  0  0  0  0  0  0  0  0  0  0  0]
[ 0  0  0  0  0  0  0  0  0  0  0  0  0  0  0  0  0  0  0  0  0  0  0  0  0  0  0  0  0  0  0  0  0  0  0  0  0  0  0  0  0  0  0  0  0  1  0  0  0  0]
[ 0  0  0  0  0  0  0  0  0  0  0  0  0  0  0  0  0  0  0  0  0  0  0  0  0  0  0  0  0  0 -1  0  0  0  0  0  0  0  0  0  0  0  0  0  0  0  0  0  0  0]
[ 0  0  0  0  0  0  0  0  0  0  0  0  0  0  0  0  0  0  0  0  0  0  0  0  0  0  0  0  0  0  0  0  0  0  1  0  0  0  0  0  0  0  0  0  0  0  0  0  0  0]
[ 0 -1  0  0  0  0  0  0  0  0  0  0  0  0  0  0  0  0  0  0  0  0  0  0  0  0  0  0  0  0  0  0  0  0  0  0  0  0  0  0  0  0  0  0  0  0  0  0  0  0]
[ 0  0  0  0  1  0  0  0  0  0  0  0  0  0  0  0  0  0  0  0  0  0  0  0  0  0  0  0  0  0  0  0  0  0  0  0  0  0  0  0  0  0  0  0  0  0  0  0  0  0]
[ 0  0  0  0  0  0 -1  0  0  0  0  0  0  0  0  0  0  0  0  0  0  0  0  0  0  0  0  0  0  0  0  0  0  0  0  0  0  0  0  0  0  0  0  0  0  0  0  0  0  0]
[ 0  0  0  0  0  0  0  0  0  0  0  0  0  0  0  0  0  0 -1  0  0  0  0  0  0  0  0  0  0  0  0  0  0  0  0  0  0  0  0  0  0  0  0  0  0  0  0  0  0  0]
[ 0  0  0  0  0  0  0  0  0  0  0  0  0  0  0  0  0  0  0  0  0  0  0  0  0  0  0  0  0  0  0  0  0  0  0  0  0  0  0  0  0  0  0  0  0  0  0  0  0  1]
[ 0  0  0  0  0  0  0  0  0  0  0  0  0  0  0  1  0  0  0  0  0  0  0  0  0  0  0  0  0  0  0  0  0  0  0  0  0  0  0  0  0  0  0  0  0  0  0  0  0  0]
[ 0  0  0  0  0  0  0  0  0  0  0  0  0  0  0  0  0  0  0  0  0  0  0  0  0  0  0  0  0  0  0  0  0  0  0  0  0  0  0  0  0  0  0  0  0  0  1  0  0  0]
[ 0  0  0  0  0  0  0  1  0  0  0  0  0  0  0  0  0  0  0  0  0  0  0  0  0  0  0  0  0  0  0  0  0  0  0  0  0  0  0  0  0  0  0  0  0  0  0  0  0  0]
[ 0  0  0  0  0  0  0  0  0  0  0  0  0  0  0  0  0  0  0  0  0  0  0  0  0  0  0  0  0  0  0 -1  0  0  0  0  0  0  0  0  0  0  0  0  0  0  0  0  0  0]
[ 0  0  0  0  0  0  0  0 -1  0  0  0  0  0  0  0  0  0  0  0  0  0  0  0  0  0  0  0  0  0  0  0  0  0  0  0  0  0  0  0  0  0  0  0  0  0  0  0  0  0]
[ 0  0  0  0  0  0  0  0  0  0  0  0  0  0  0  0  0  0  0  0  0  0  0  0  0  0  0  0  0  0  0  0  0  1  0  0  0  0  0  0  0  0  0  0  0  0  0  0  0  0]
[ 0  0  0  0  0  0  0  0  0  0  0  0  0  0  0  0  0  0  0  0  0  0  0  0  1  0  0  0  0  0  0  0  0  0  0  0  0  0  0  0  0  0  0  0  0  0  0  0  0  0]
[ 0  0  0  0  0  0  0  0  0  0  0  0  0  0  0  0  0  0  0  0  0  0  0  0  0  0  0  0  0  0  0  0  0  0  0  0  0  1  0  0  0  0  0  0  0  0  0  0  0  0]
[ 0  0  0  0  0  0  0  0  0  0  0  0  0  0  0  0  0  0  0  0  0  0  0 -1  0  0  0  0  0  0  0  0  0  0  0  0  0  0  0  0  0  0  0  0  0  0  0  0  0  0]
[ 0  0  0  0  0  0  0  0  0  0  0  0  0  0  0  0  0  0  0  0  0  0  0  0  0  0  0  0  0  0  0  0  0  0  0  0  0  0  0  0  1  0  0  0  0  0  0  0  0  0]
[ 0  0  0  0  0  0  0  0  0  0  0  0  0  0  0  0  0  0  0  0  0  0  0  0  0  0  0  0  0  1  0  0  0  0  0  0  0  0  0  0  0  0  0  0  0  0  0  0  0  0]
[ 0  0  0  0  0  0  0  0  0  0  0  0  0  0  0  0  0  0  0  0  0  0  0  0  0  0  0  0  0  0  0  0  0  0  0  0  0  0  0  0  0  0  0  1  0  0  0  0  0  0]
[ 0  0  0  0  0  0  0  0  0  0  0  0  0  0  0  0  0  0  0  0 -1  0  0  0  0  0  0  0  0  0  0  0  0  0  0  0  0  0  0  0  0  0  0  0  0  0  0  0  0  0]
[ 0  0  0  0  0  0  0  0  0  0  0  0  0  0  1  0  0  0  0  0  0  0  0  0  0  0  0  0  0  0  0  0  0  0  0  0  0  0  0  0  0  0  0  0  0  0  0  0  0  0]
[ 0  0  0  0  0  0  0  0  0  0  0 -1  0  0  0  0  0  0  0  0  0  0  0  0  0  0  0  0  0  0  0  0  0  0  0  0  0  0  0  0  0  0  0  0  0  0  0  0  0  0]
[ 0  0  0  0  0  0  0  0  0  0  0  0  0  0  0  0  0  0  0  0  0  0  0  0  0  0  0  0  0  0  0  0  0  0  0  0 -1  0  0  0  0  0  0  0  0  0  0  0  0  0]
[ 0  0  0  0  0  0  0  0  0  0  0  0  0  0  0  0  0 -1  0  0  0  0  0  0  0  0  0  0  0  0  0  0  0  0  0  0  0  0  0  0  0  0  0  0  0  0  0  0  0  0]
[ 0  0  0  0  0  0  0  0  0  0  0  0  0  0  0  0  0  0  0  0  0  0  0  0  0  0 -1  0  0  0  0  0  0  0  0  0  0  0  0  0  0  0  0  0  0  0  0  0  0  0]
[ 0  0  0  0  0  0  0  0  0  0  0  0  0  0  0  0  0  0  0  0  0  0 -1  0  0  0  0  0  0  0  0  0  0  0  0  0  0  0  0  0  0  0  0  0  0  0  0  0  0  0]
[ 0  0  0  0  0  0  0  0  0  0  0  0  0  0  0  0  0  0  0  0  0  0  0  0  0  0  0  0  0  0  0  0  0  0  0 -1  0  0  0  0  0  0  0  0  0  0  0  0  0  0]
[ 0  0  0  0  0  0  0  0  0  0  0  0  0 -1  0  0  0  0  0  0  0  0  0  0  0  0  0  0  0  0  0  0  0  0  0  0  0  0  0  0  0  0  0  0  0  0  0  0  0  0]
[ 0  0  0  0  0  0  0  0  0  0  0  0  0  0  0  0  0  0  0  0  0  0  0  0  0  0  0  0  0  0  0  0  0  0  0  0  0  0  0  0  0  0  1  0  0  0  0  0  0  0]
[ 0  0  0  0  0  0  0  0  0  0  0  0  0  0  0  0  0  0  0  0  0  0  0  0  0  0  0  0  1  0  0  0  0  0  0  0  0  0  0  0  0  0  0  0  0  0  0  0  0  0]
[ 0  0  0  0  0  0  0  0  0  1  0  0  0  0  0  0  0  0  0  0  0  0  0  0  0  0  0  0  0  0  0  0  0  0  0  0  0  0  0  0  0  0  0  0  0  0  0  0  0  0]
[ 0  0  0  0  0  0  0  0  0  0  0  0  0  0  0  0  0  0  0  0  0  0  0  0  0  0  0  0  0  0  0  0  0  0  0  0  0  0 -1  0  0  0  0  0  0  0  0  0  0  0]
[ 0  0 -1  0  0  0  0  0  0  0  0  0  0  0  0  0  0  0  0  0  0  0  0  0  0  0  0  0  0  0  0  0  0  0  0  0  0  0  0  0  0  0  0  0  0  0  0  0  0  0]
[ 0  0  0  0  0  0  0  0  0  0  0  0  0  0  0  0  0  0  0  0  0  0  0  0  0  0  0  0  0  0  0  0  0  0  0  0  0  0  0  0  0  0  0  0 -1  0  0  0  0  0]
[ 0  0  0  0  0  0  0  0  0  0  0  0  1  0  0  0  0  0  0  0  0  0  0  0  0  0  0  0  0  0  0  0  0  0  0  0  0  0  0  0  0  0  0  0  0  0  0  0  0  0]
[ 0  0  0 -1  0  0  0  0  0  0  0  0  0  0  0  0  0  0  0  0  0  0  0  0  0  0  0  0  0  0  0  0  0  0  0  0  0  0  0  0  0  0  0  0  0  0  0  0  0  0]
[ 0  0  0  0  0  0  0  0  0  0  0  0  0  0  0  0  0  0  0 -1  0  0  0  0  0  0  0  0  0  0  0  0  0  0  0  0  0  0  0  0  0  0  0  0  0  0  0  0  0  0]
[-1  0  0  0  0  0  0  0  0  0  0  0  0  0  0  0  0  0  0  0  0  0  0  0  0  0  0  0  0  0  0  0  0  0  0  0  0  0  0  0  0  0  0  0  0  0  0  0  0  0]
[ 0  0  0  0  0  0  0  0  0  0  0  0  0  0  0  0  0  0  0  0  0  0  0  0  0  0  0  0  0  0  0  0  1  0  0  0  0  0  0  0  0  0  0  0  0  0  0  0  0  0]
[ 0  0  0  0  0  0  0  0  0  0  0  0  0  0  0  0  1  0  0  0  0  0  0  0  0  0  0  0  0  0  0  0  0  0  0  0  0  0  0  0  0  0  0  0  0  0  0  0  0  0]
[ 0  0  0  0  0  0  0  0  0  0  0  0  0  0  0  0  0  0  0  0  0  0  0  0  0  0  0  0  0  0  0  0  0  0  0  0  0  0  0  0  0  0  0  0  0  0  0  0  1  0]
[ 0  0  0  0  0  0  0  0  0  0  1  0  0  0  0  0  0  0  0  0  0  0  0  0  0  0  0  0  0  0  0  0  0  0  0  0  0  0  0  0  0  0  0  0  0  0  0  0  0  0]
[ 0  0  0  0  0  0  0  0  0  0  0  0  0  0  0  0  0  0  0  0  0  0  0  0  0  0  0  1  0  0  0  0  0  0  0  0  0  0  0  0  0  0  0  0  0  0  0  0  0  0]
[ 0  0  0  0  0  0  0  0  0  0  0  0  0  0  0  0  0  0  0  0  0  0  0  0  0  0  0  0  0  0  0  0  0  0  0  0  0  0  0  0  0  0  0  0  0  0  0  1  0  0]
[ 0  0  0  0  0  0  0  0  0  0  0  0  0  0  0  0  0  0  0  0  0  0  0  0  0  0  0  0  0  0  0  0  0  0  0  0  0  0  0 -1  0  0  0  0  0  0  0  0  0  0]
[ 0  0  0  0  0  0  0  0  0  0  0  0  0  0  0  0  0  0  0  0  0  0  0  0  0  0  0  0  0  0  0  0  0  0  0  0  0  0  0  0  0 -1  0  0  0  0  0  0  0  0] 
; encaps_ciphertext = (c := (c, Z) :  [[1/215, 79/86, 33/430, 419/430, 1/20, 12/215, 197/215, 91/860, 2/215, 28/215, 87/860, 67/860, 799/860, 169/172, 1/860, 209/215, 159/172, 8/215, 47/860, 29/430, 73/860, 151/172, 208/215, 4/215, 413/430, 39/43, 29/430, 211/215, 8/215, 403/430, 1/43, 1/215, 214/215, 9/430, 829/860, 13/860, 3/43, 41/860, 11/430, 101/860, 9/215, 186/215, 193/215, 1/86, 811/860, 42/43, 208/215, 208/215, 83/860, 39/860]] 

Uc::::::  [  -39/43]
[-151/172]
[  12/215]
[   42/43]
[   -1/43]
[ 829/860]
[  -79/86]
[    1/20]
[-197/215]
[ -47/860]
[  39/860]
[ 209/215]
[ 208/215]
[  91/860]
[  -1/215]
[  -2/215]
[   9/430]
[ 413/430]
[  41/860]
[  -4/215]
[   9/215]
[ 403/430]
[    1/86]
[ -73/860]
[   1/860]
[ -67/860]
[   -3/43]
[  -8/215]
[ -29/430]
[-208/215]
[ -13/860]
[-169/172]
[ 193/215]
[   8/215]
[  28/215]
[ -11/430]
[ -33/430]
[-811/860]
[ 799/860]
[-419/430]
[ -29/430]
[  -1/215]
[ 214/215]
[ 159/172]
[  83/860]
[  87/860]
[ 211/215]
[ 208/215]
[-101/860]
[-186/215]
y at decode:  [-1]
[-1]
[ 0]
[ 1]
[ 0]
[ 1]
[-1]
[ 0]
[-1]
[ 0]
[ 0]
[ 1]
[ 1]
[ 0]
[ 0]
[ 0]
[ 0]
[ 1]
[ 0]
[ 0]
[ 0]
[ 1]
[ 0]
[ 0]
[ 0]
[ 0]
[ 0]
[ 0]
[ 0]
[-1]
[ 0]
[-1]
[ 1]
[ 0]
[ 0]
[ 0]
[ 0]
[-1]
[ 1]
[-1]
[ 0]
[ 0]
[ 1]
[ 1]
[ 0]
[ 0]
[ 1]
[ 1]
[ 0]
[-1]
begin matrix subtraction
[-1]
[-1]
[ 0]
[ 1]
[ 0]
[ 1]
[-1]
[ 0]
[-1]
[ 0]
[ 0]
[ 1]
[ 1]
[ 0]
[ 0]
[ 0]
[ 0]
[ 1]
[ 0]
[ 0]
[ 0]
[ 1]
[ 0]
[ 0]
[ 0]
[ 0]
[ 0]
[ 0]
[ 0]
[-1]
[ 0]
[-1]
[ 1]
[ 0]
[ 0]
[ 0]
[ 0]
[-1]
[ 1]
[-1]
[ 0]
[ 0]
[ 1]
[ 1]
[ 0]
[ 0]
[ 1]
[ 1]
[ 0]
[-1]  M1!
[  -39/43]
[-151/172]
[  12/215]
[   42/43]
[   -1/43]
[ 829/860]
[  -79/86]
[    1/20]
[-197/215]
[ -47/860]
[  39/860]
[ 209/215]
[ 208/215]
[  91/860]
[  -1/215]
[  -2/215]
[   9/430]
[ 413/430]
[  41/860]
[  -4/215]
[   9/215]
[ 403/430]
[    1/86]
[ -73/860]
[   1/860]
[ -67/860]
[   -3/43]
[  -8/215]
[ -29/430]
[-208/215]
[ -13/860]
[-169/172]
[ 193/215]
[   8/215]
[  28/215]
[ -11/430]
[ -33/430]
[-811/860]
[ 799/860]
[-419/430]
[ -29/430]
[  -1/215]
[ 214/215]
[ 159/172]
[  83/860]
[  87/860]
[ 211/215]
[ 208/215]
[-101/860]
[-186/215]  M2!
[  -4/43]
[-21/172]
[-12/215]
[   1/43]
[   1/43]
[ 31/860]
[  -7/86]
[  -1/20]
[-18/215]
[ 47/860]
[-39/860]
[  6/215]
[  7/215]
[-91/860]
[  1/215]
[  2/215]
[ -9/430]
[ 17/430]
[-41/860]
[  4/215]
[ -9/215]
[ 27/430]
[  -1/86]
[ 73/860]
[ -1/860]
[ 67/860]
[   3/43]
[  8/215]
[ 29/430]
[ -7/215]
[ 13/860]
[ -3/172]
[ 22/215]
[ -8/215]
[-28/215]
[ 11/430]
[ 33/430]
[-49/860]
[ 61/860]
[-11/430]
[ 29/430]
[  1/215]
[  1/215]
[ 13/172]
[-83/860]
[-87/860]
[  4/215]
[  7/215]
[101/860]
[-29/215]  RES!
end matrix subtraction
quad_norm of y-(U*c) :   1/430*sqrt(76561/2)
GOOD SAMPLE, SAMPLE:  [-1]
[-1]
[ 0]
[ 1]
[ 0]
[ 1]
[-1]
[ 0]
[-1]
[ 0]
[ 0]
[ 1]
[ 1]
[ 0]
[ 0]
[ 0]
[ 0]
[ 1]
[ 0]
[ 0]
[ 0]
[ 1]
[ 0]
[ 0]
[ 0]
[ 0]
[ 0]
[ 0]
[ 0]
[-1]
[ 0]
[-1]
[ 1]
[ 0]
[ 0]
[ 0]
[ 0]
[-1]
[ 1]
[-1]
[ 0]
[ 0]
[ 1]
[ 1]
[ 0]
[ 0]
[ 1]
[ 1]
[ 0]
[-1]
U_invert_times_y:::::  [0]
[1]
[0]
[1]
[0]
[0]
[1]
[0]
[0]
[0]
[0]
[0]
[1]
[1]
[0]
[1]
[1]
[0]
[0]
[0]
[0]
[1]
[1]
[0]
[1]
[1]
[0]
[1]
[0]
[1]
[0]
[0]
[1]
[0]
[1]
[0]
[0]
[0]
[0]
[0]
[0]
[1]
[1]
[0]
[1]
[1]
[1]
[1]
[0]
[0]
begin matrix subtraction
[  1/215   79/86  33/430 419/430    1/20  12/215 197/215  91/860   2/215  28/215  87/860  67/860 799/860 169/172   1/860 209/215 159/172   8/215  47/860  29/430  73/860 151/172 208/215   4/215 413/430   39/43  29/430 211/215   8/215 403/430    1/43   1/215 214/215   9/430 829/860  13/860    3/43  41/860  11/430 101/860   9/215 186/215 193/215    1/86 811/860   42/43 208/215 208/215  83/860  39/860]  M1!
[0 1 0 1 0 0 1 0 0 0 0 0 1 1 0 1 1 0 0 0 0 1 1 0 1 1 0 1 0 1 0 0 1 0 1 0 0 0 0 0 0 1 1 0 1 1 1 1 0 0]  M2!
[  1/215   -7/86  33/430 -11/430    1/20  12/215 -18/215  91/860   2/215  28/215  87/860  67/860 -61/860  -3/172   1/860  -6/215 -13/172   8/215  47/860  29/430  73/860 -21/172  -7/215   4/215 -17/430   -4/43  29/430  -4/215   8/215 -27/430    1/43   1/215  -1/215   9/430 -31/860  13/860    3/43  41/860  11/430 101/860   9/215 -29/215 -22/215    1/86 -49/860   -1/43  -7/215  -7/215  83/860  39/860]  RES!
end matrix subtraction
c_minus_Uy_list :::::  [1/215, -7/86, 33/430, -11/430, 1/20, 12/215, -18/215, 91/860, 2/215, 28/215, 87/860, 67/860, -61/860, -3/172, 1/860, -6/215, -13/172, 8/215, 47/860, 29/430, 73/860, -21/172, -7/215, 4/215, -17/430, -4/43, 29/430, -4/215, 8/215, -27/430, 1/43, 1/215, -1/215, 9/430, -31/860, 13/860, 3/43, 41/860, 11/430, 101/860, 9/215, -29/215, -22/215, 1/86, -49/860, -1/43, -7/215, -7/215, 83/860, 39/860]
extractor input vector: :::  [1/215, -7/86, 33/430, -11/430, 1/20, 12/215, -18/215, 91/860, 2/215, 28/215, 87/860, 67/860, -61/860, -3/172, 1/860, -6/215, -13/172, 8/215, 47/860, 29/430, 73/860, -21/172, -7/215, 4/215, -17/430, -4/43, 29/430, -4/215, 8/215, -27/430, 1/43, 1/215, -1/215, 9/430, -31/860, 13/860, 3/43, 41/860, 11/430, 101/860, 9/215, -29/215, -22/215, 1/86, -49/860, -1/43, -7/215, -7/215, 83/860, 39/860]
decaps_symmetric_k:  21d86e81291f380a0d9f92eba40789b32d19700480f46dac0021dd28ed05c1b9
is encaps_symmetric_k equal to decaps_symmetric_k?:  True




OUTPUT 2:

lattice dimensions (ndim):  50
PARAMS:
rho:  0.475000000000000
s:  4.75000000000000*sqrt(2)
q:  860



BEGIN KEYGEN::::

QUADRATIC FORM S=I_n
PRIV/SECRET KEY, U
[ 0  0  0  0  0  0  0  0  0  0  0  0  0  0  0  0  0  0  0  0  0  0  0  0  0  0  1  0  0  0  0  0  0  0  0  0  0  0  0  0  0  0  0  0  0  0  0  0  0  0]
[ 0  0  0  0  0  0  0  0  0  0  0  0  0  0  0  0  0  0 -1  0  0  0  0  0  0  0  0  0  0  0  0  0  0  0  0  0  0  0  0  0  0  0  0  0  0  0  0  0  0  0]
[ 0  0  0  0  1  0  0  0  0  0  0  0  0  0  0  0  0  0  0  0  0  0  0  0  0  0  0  0  0  0  0  0  0  0  0  0  0  0  0  0  0  0  0  0  0  0  0  0  0  0]
[ 0  0  0  0  0  0  0  0  0  0  0  0  0  0  0  0  0  0  0  0  0  0  0  0  0  0  0  0  0  0  0  1  0  0  0  0  0  0  0  0  0  0  0  0  0  0  0  0  0  0]
[ 0  0  0  0  0  0  0  0  0  0  0  0  0  0  0  0  0  0  0  1  0  0  0  0  0  0  0  0  0  0  0  0  0  0  0  0  0  0  0  0  0  0  0  0  0  0  0  0  0  0]
[ 0  0  0  0  0  0  0  0  0  0  0  0  0  0  0  0  0  0  0  0  0  0  0  0  0  0  0  1  0  0  0  0  0  0  0  0  0  0  0  0  0  0  0  0  0  0  0  0  0  0]
[ 0  0  0  0  0  0  0  0  0  0  0  0  0  0  0  0  0  0  0  0  0  0  0  0  0  0  0  0  0  0  0  0  0  0  0  0  1  0  0  0  0  0  0  0  0  0  0  0  0  0]
[ 0  0  0  0  0  0  0  0  0  0  0  0  0  0  0  0  0  0  0  0  0  0  0  0  0  0  0  0  0  1  0  0  0  0  0  0  0  0  0  0  0  0  0  0  0  0  0  0  0  0]
[ 0  0  0  0  0  0  0  0  1  0  0  0  0  0  0  0  0  0  0  0  0  0  0  0  0  0  0  0  0  0  0  0  0  0  0  0  0  0  0  0  0  0  0  0  0  0  0  0  0  0]
[ 0  0  0  0  0  0  0  0  0  0  0  0  0  0  0  0  0  0  0  0  0  0  0  0  0  0  0  0  0  0  0  0  0  0  0  0  0  0  0  0  0  0  0  0  0 -1  0  0  0  0]
[ 0  0  0  0  0  0  0  0  0  0  0  0  0  0  0  0  0  0  0  0  0  0  0  0  0  0  0  0  0  0  0  0  0  0  0  0  0  0  0  0  0  0  0  0  0  0  0  0  0 -1]
[ 0  0  0  0  0  0  0  0  0  0  0  0  0  0  0  0  0  0  0  0  0  0  0  0  0  0  0  0  0  0  0  0  0  0  0  0  0  0  0  0  0  0  0  0  0  0  0  1  0  0]
[ 0  0  0  0  0  0  0  0  0  0  0  0  0  0  0  0  0  0  0  0  0  0  0  0  0  0  0  0  0  0  0  0  0  0  0  0  0  1  0  0  0  0  0  0  0  0  0  0  0  0]
[ 0  0  0  0  0  0  0  0  0  0  0  0  0  0  0  0  0  0  0  0  0  0  0  0  0  0  0  0  0  0  0  0  0  0  0  0  0  0  0  0  0  0 -1  0  0  0  0  0  0  0]
[ 0  0  0  0  0  0  0  0  0  0  0  0  0  0 -1  0  0  0  0  0  0  0  0  0  0  0  0  0  0  0  0  0  0  0  0  0  0  0  0  0  0  0  0  0  0  0  0  0  0  0]
[ 0  0  0  0  0  0  0  0  0  0  0  0  0  0  0  0  0  1  0  0  0  0  0  0  0  0  0  0  0  0  0  0  0  0  0  0  0  0  0  0  0  0  0  0  0  0  0  0  0  0]
[ 0  0  0  0  0  0  0  0  0  0  0  0  0  0  0  0  0  0  0  0  0  0  0  0  0  0  0  0  0  0  0  0  0  0  0  0  0  0  0  0  0  0  0  0 -1  0  0  0  0  0]
[ 0  0  0  0  0  0  0  0  0  0  0  0  0  0  0  0  0  0  0  0  0  0  0  0  0  0  0  0  0  0  0  0  0  0  0  0  0  0  0  0  0  0  0  0  0  0  0  0  1  0]
[ 0  0  0  0  0  0  0  0  0  0  0  0  1  0  0  0  0  0  0  0  0  0  0  0  0  0  0  0  0  0  0  0  0  0  0  0  0  0  0  0  0  0  0  0  0  0  0  0  0  0]
[ 0  0  0  0  0  0  0  0  0  0  0  1  0  0  0  0  0  0  0  0  0  0  0  0  0  0  0  0  0  0  0  0  0  0  0  0  0  0  0  0  0  0  0  0  0  0  0  0  0  0]
[ 0  0  0  0  0  0  0  0  0  0  0  0  0  0  0  0  0  0  0  0  0  0  0  0 -1  0  0  0  0  0  0  0  0  0  0  0  0  0  0  0  0  0  0  0  0  0  0  0  0  0]
[ 0  0  0  0  0  0  0  0  0  0  1  0  0  0  0  0  0  0  0  0  0  0  0  0  0  0  0  0  0  0  0  0  0  0  0  0  0  0  0  0  0  0  0  0  0  0  0  0  0  0]
[ 0  0  0  0  0  0  0  0  0  0  0  0  0  0  0  0  0  0  0  0  0  0  0  0  0  0  0  0  0  0  0  0  1  0  0  0  0  0  0  0  0  0  0  0  0  0  0  0  0  0]
[ 0  0  0  0  0  0  0  0  0  0  0  0  0  0  0  0  0  0  0  0  0  0  0  0  0  0  0  0  0  0  0  0  0  0  0  0  0  0  0  0 -1  0  0  0  0  0  0  0  0  0]
[ 0  0  0  0  0  0  0  0  0  0  0  0  0  0  0  0  0  0  0  0  0  0  0  0  0  0  0  0  0  0  0  0  0 -1  0  0  0  0  0  0  0  0  0  0  0  0  0  0  0  0]
[ 0  0  0  0  0  0  0  0  0  0  0  0  0  0  0  0  0  0  0  0  1  0  0  0  0  0  0  0  0  0  0  0  0  0  0  0  0  0  0  0  0  0  0  0  0  0  0  0  0  0]
[ 1  0  0  0  0  0  0  0  0  0  0  0  0  0  0  0  0  0  0  0  0  0  0  0  0  0  0  0  0  0  0  0  0  0  0  0  0  0  0  0  0  0  0  0  0  0  0  0  0  0]
[ 0  0  0  0  0  0  1  0  0  0  0  0  0  0  0  0  0  0  0  0  0  0  0  0  0  0  0  0  0  0  0  0  0  0  0  0  0  0  0  0  0  0  0  0  0  0  0  0  0  0]
[ 0  0  0  0  0  0  0  0  0  0  0  0  0  0  0  0  0  0  0  0  0  0  1  0  0  0  0  0  0  0  0  0  0  0  0  0  0  0  0  0  0  0  0  0  0  0  0  0  0  0]
[ 0  0  0  0  0  0  0  0  0  0  0  0  0  0  0 -1  0  0  0  0  0  0  0  0  0  0  0  0  0  0  0  0  0  0  0  0  0  0  0  0  0  0  0  0  0  0  0  0  0  0]
[ 0  0  0  0  0  0  0  0  0  0  0  0  0  0  0  0  0  0  0  0  0  0  0  0  0  0  0  0  0  0  0  0  0  0  0  0  0  0  0  0  0  1  0  0  0  0  0  0  0  0]
[ 0  0  0  1  0  0  0  0  0  0  0  0  0  0  0  0  0  0  0  0  0  0  0  0  0  0  0  0  0  0  0  0  0  0  0  0  0  0  0  0  0  0  0  0  0  0  0  0  0  0]
[ 0  0  0  0  0  0  0  0  0  0  0  0  0  0  0  0  0  0  0  0  0  1  0  0  0  0  0  0  0  0  0  0  0  0  0  0  0  0  0  0  0  0  0  0  0  0  0  0  0  0]
[ 0  0  0  0  0  0  0  0  0  0  0  0  0  0  0  0  0  0  0  0  0  0  0  0  0  0  0  0  0  0  0  0  0  0  0  0  0  0  0  0  0  0  0  0  0  0 -1  0  0  0]
[ 0  0  0  0  0  0  0  0  0  0  0  0  0  0  0  0  0  0  0  0  0  0  0  0  0  0  0  0  0  0  0  0  0  0  0  0  0  0  0  1  0  0  0  0  0  0  0  0  0  0]
[ 0  0  0  0  0  0  0  1  0  0  0  0  0  0  0  0  0  0  0  0  0  0  0  0  0  0  0  0  0  0  0  0  0  0  0  0  0  0  0  0  0  0  0  0  0  0  0  0  0  0]
[ 0  0 -1  0  0  0  0  0  0  0  0  0  0  0  0  0  0  0  0  0  0  0  0  0  0  0  0  0  0  0  0  0  0  0  0  0  0  0  0  0  0  0  0  0  0  0  0  0  0  0]
[ 0  1  0  0  0  0  0  0  0  0  0  0  0  0  0  0  0  0  0  0  0  0  0  0  0  0  0  0  0  0  0  0  0  0  0  0  0  0  0  0  0  0  0  0  0  0  0  0  0  0]
[ 0  0  0  0  0  0  0  0  0 -1  0  0  0  0  0  0  0  0  0  0  0  0  0  0  0  0  0  0  0  0  0  0  0  0  0  0  0  0  0  0  0  0  0  0  0  0  0  0  0  0]
[ 0  0  0  0  0  0  0  0  0  0  0  0  0  0  0  0  0  0  0  0  0  0  0  0  0  1  0  0  0  0  0  0  0  0  0  0  0  0  0  0  0  0  0  0  0  0  0  0  0  0]
[ 0  0  0  0  0  0  0  0  0  0  0  0  0  0  0  0 -1  0  0  0  0  0  0  0  0  0  0  0  0  0  0  0  0  0  0  0  0  0  0  0  0  0  0  0  0  0  0  0  0  0]
[ 0  0  0  0  0  0  0  0  0  0  0  0  0  0  0  0  0  0  0  0  0  0  0  0  0  0  0  0  0  0  0  0  0  0  0  0  0  0  0  0  0  0  0  1  0  0  0  0  0  0]
[ 0  0  0  0  0  0  0  0  0  0  0  0  0  0  0  0  0  0  0  0  0  0  0  0  0  0  0  0  0  0  0  0  0  0 -1  0  0  0  0  0  0  0  0  0  0  0  0  0  0  0]
[ 0  0  0  0  0  0  0  0  0  0  0  0  0 -1  0  0  0  0  0  0  0  0  0  0  0  0  0  0  0  0  0  0  0  0  0  0  0  0  0  0  0  0  0  0  0  0  0  0  0  0]
[ 0  0  0  0  0  0  0  0  0  0  0  0  0  0  0  0  0  0  0  0  0  0  0  0  0  0  0  0  0  0  0  0  0  0  0  0  0  0 -1  0  0  0  0  0  0  0  0  0  0  0]
[ 0  0  0  0  0  0  0  0  0  0  0  0  0  0  0  0  0  0  0  0  0  0  0  0  0  0  0  0 -1  0  0  0  0  0  0  0  0  0  0  0  0  0  0  0  0  0  0  0  0  0]
[ 0  0  0  0  0  0  0  0  0  0  0  0  0  0  0  0  0  0  0  0  0  0  0  1  0  0  0  0  0  0  0  0  0  0  0  0  0  0  0  0  0  0  0  0  0  0  0  0  0  0]
[ 0  0  0  0  0  1  0  0  0  0  0  0  0  0  0  0  0  0  0  0  0  0  0  0  0  0  0  0  0  0  0  0  0  0  0  0  0  0  0  0  0  0  0  0  0  0  0  0  0  0]
[ 0  0  0  0  0  0  0  0  0  0  0  0  0  0  0  0  0  0  0  0  0  0  0  0  0  0  0  0  0  0  0  0  0  0  0  1  0  0  0  0  0  0  0  0  0  0  0  0  0  0]
[ 0  0  0  0  0  0  0  0  0  0  0  0  0  0  0  0  0  0  0  0  0  0  0  0  0  0  0  0  0  0  1  0  0  0  0  0  0  0  0  0  0  0  0  0  0  0  0  0  0  0]
SECRET KEY DETERMINANT:  1
PUBLIC KEY/QUADRATIC FORM P = U^t * S * U = I_n



BEGIN ENCAPS::::

sample  (-33, -18, 35, 23, -34, -1, -66, -46, -6, 18, 4, 26, -100, -80, 63, 9, -11, -5, -1, 26, 21, -26, 29, 138, -73, -4, 24, 5, 44, 57, 78, -55, -15, -4, 93, 47, -94, -22, -5, 58, 12, -27, -25, -28, -98, -13, -15, -8, 26, -1)
e_vec  [-33/860, -9/430, 7/172, 23/860, -17/430, -1/860, -33/430, -23/430, -3/430, 9/430, 1/215, 13/430, -5/43, -4/43, 63/860, 9/860, -11/860, -1/172, -1/860, 13/430, 21/860, -13/430, 29/860, 69/430, -73/860, -1/215, 6/215, 1/172, 11/215, 57/860, 39/430, -11/172, -3/172, -1/215, 93/860, 47/860, -47/430, -11/430, -1/172, 29/430, 3/215, -27/860, -5/172, -7/215, -49/430, -13/860, -3/172, -2/215, 13/430, -1/860]
e vector:  [-33/860, -9/430, 7/172, 23/860, -17/430, -1/860, -33/430, -23/430, -3/430, 9/430, 1/215, 13/430, -5/43, -4/43, 63/860, 9/860, -11/860, -1/172, -1/860, 13/430, 21/860, -13/430, 29/860, 69/430, -73/860, -1/215, 6/215, 1/172, 11/215, 57/860, 39/430, -11/172, -3/172, -1/215, 93/860, 47/860, -47/430, -11/430, -1/172, 29/430, 3/215, -27/860, -5/172, -7/215, -49/430, -13/860, -3/172, -2/215, 13/430, -1/860]
c vector :::  [827/860, 421/430, 7/172, 23/860, 413/430, 859/860, 397/430, 407/430, 427/430, 9/430, 1/215, 13/430, 38/43, 39/43, 63/860, 9/860, 849/860, 171/172, 859/860, 13/430, 21/860, 417/430, 29/860, 69/430, 787/860, 214/215, 6/215, 1/172, 11/215, 57/860, 39/430, 161/172, 169/172, 214/215, 93/860, 47/860, 383/430, 419/430, 171/172, 29/430, 3/215, 833/860, 167/172, 208/215, 381/430, 847/860, 169/172, 213/215, 13/430, 859/860]
extractor input vector: :::  [-33/860, -9/430, 7/172, 23/860, -17/430, -1/860, -33/430, -23/430, -3/430, 9/430, 1/215, 13/430, -5/43, -4/43, 63/860, 9/860, -11/860, -1/172, -1/860, 13/430, 21/860, -13/430, 29/860, 69/430, -73/860, -1/215, 6/215, 1/172, 11/215, 57/860, 39/430, -11/172, -3/172, -1/215, 93/860, 47/860, -47/430, -11/430, -1/172, 29/430, 3/215, -27/860, -5/172, -7/215, -49/430, -13/860, -3/172, -2/215, 13/430, -1/860]
encaps_symmetric_k:  54966f61d4239d2bfa10ba0aa4e6df2269d55b0ba00410d52091821dcf825d69
((c), k) ::::  [[[827/860, 421/430, 7/172, 23/860, 413/430, 859/860, 397/430, 407/430, 427/430, 9/430, 1/215, 13/430, 38/43, 39/43, 63/860, 9/860, 849/860, 171/172, 859/860, 13/430, 21/860, 417/430, 29/860, 69/430, 787/860, 214/215, 6/215, 1/172, 11/215, 57/860, 39/430, 161/172, 169/172, 214/215, 93/860, 47/860, 383/430, 419/430, 171/172, 29/430, 3/215, 833/860, 167/172, 208/215, 381/430, 847/860, 169/172, 213/215, 13/430, 859/860]], '54966f61d4239d2bfa10ba0aa4e6df2269d55b0ba00410d52091821dcf825d69']



BEGIN DECAPS::::

inputs: secret_key = U =
 [ 0  0  0  0  0  0  0  0  0  0  0  0  0  0  0  0  0  0  0  0  0  0  0  0  0  0  1  0  0  0  0  0  0  0  0  0  0  0  0  0  0  0  0  0  0  0  0  0  0  0]
[ 0  0  0  0  0  0  0  0  0  0  0  0  0  0  0  0  0  0 -1  0  0  0  0  0  0  0  0  0  0  0  0  0  0  0  0  0  0  0  0  0  0  0  0  0  0  0  0  0  0  0]
[ 0  0  0  0  1  0  0  0  0  0  0  0  0  0  0  0  0  0  0  0  0  0  0  0  0  0  0  0  0  0  0  0  0  0  0  0  0  0  0  0  0  0  0  0  0  0  0  0  0  0]
[ 0  0  0  0  0  0  0  0  0  0  0  0  0  0  0  0  0  0  0  0  0  0  0  0  0  0  0  0  0  0  0  1  0  0  0  0  0  0  0  0  0  0  0  0  0  0  0  0  0  0]
[ 0  0  0  0  0  0  0  0  0  0  0  0  0  0  0  0  0  0  0  1  0  0  0  0  0  0  0  0  0  0  0  0  0  0  0  0  0  0  0  0  0  0  0  0  0  0  0  0  0  0]
[ 0  0  0  0  0  0  0  0  0  0  0  0  0  0  0  0  0  0  0  0  0  0  0  0  0  0  0  1  0  0  0  0  0  0  0  0  0  0  0  0  0  0  0  0  0  0  0  0  0  0]
[ 0  0  0  0  0  0  0  0  0  0  0  0  0  0  0  0  0  0  0  0  0  0  0  0  0  0  0  0  0  0  0  0  0  0  0  0  1  0  0  0  0  0  0  0  0  0  0  0  0  0]
[ 0  0  0  0  0  0  0  0  0  0  0  0  0  0  0  0  0  0  0  0  0  0  0  0  0  0  0  0  0  1  0  0  0  0  0  0  0  0  0  0  0  0  0  0  0  0  0  0  0  0]
[ 0  0  0  0  0  0  0  0  1  0  0  0  0  0  0  0  0  0  0  0  0  0  0  0  0  0  0  0  0  0  0  0  0  0  0  0  0  0  0  0  0  0  0  0  0  0  0  0  0  0]
[ 0  0  0  0  0  0  0  0  0  0  0  0  0  0  0  0  0  0  0  0  0  0  0  0  0  0  0  0  0  0  0  0  0  0  0  0  0  0  0  0  0  0  0  0  0 -1  0  0  0  0]
[ 0  0  0  0  0  0  0  0  0  0  0  0  0  0  0  0  0  0  0  0  0  0  0  0  0  0  0  0  0  0  0  0  0  0  0  0  0  0  0  0  0  0  0  0  0  0  0  0  0 -1]
[ 0  0  0  0  0  0  0  0  0  0  0  0  0  0  0  0  0  0  0  0  0  0  0  0  0  0  0  0  0  0  0  0  0  0  0  0  0  0  0  0  0  0  0  0  0  0  0  1  0  0]
[ 0  0  0  0  0  0  0  0  0  0  0  0  0  0  0  0  0  0  0  0  0  0  0  0  0  0  0  0  0  0  0  0  0  0  0  0  0  1  0  0  0  0  0  0  0  0  0  0  0  0]
[ 0  0  0  0  0  0  0  0  0  0  0  0  0  0  0  0  0  0  0  0  0  0  0  0  0  0  0  0  0  0  0  0  0  0  0  0  0  0  0  0  0  0 -1  0  0  0  0  0  0  0]
[ 0  0  0  0  0  0  0  0  0  0  0  0  0  0 -1  0  0  0  0  0  0  0  0  0  0  0  0  0  0  0  0  0  0  0  0  0  0  0  0  0  0  0  0  0  0  0  0  0  0  0]
[ 0  0  0  0  0  0  0  0  0  0  0  0  0  0  0  0  0  1  0  0  0  0  0  0  0  0  0  0  0  0  0  0  0  0  0  0  0  0  0  0  0  0  0  0  0  0  0  0  0  0]
[ 0  0  0  0  0  0  0  0  0  0  0  0  0  0  0  0  0  0  0  0  0  0  0  0  0  0  0  0  0  0  0  0  0  0  0  0  0  0  0  0  0  0  0  0 -1  0  0  0  0  0]
[ 0  0  0  0  0  0  0  0  0  0  0  0  0  0  0  0  0  0  0  0  0  0  0  0  0  0  0  0  0  0  0  0  0  0  0  0  0  0  0  0  0  0  0  0  0  0  0  0  1  0]
[ 0  0  0  0  0  0  0  0  0  0  0  0  1  0  0  0  0  0  0  0  0  0  0  0  0  0  0  0  0  0  0  0  0  0  0  0  0  0  0  0  0  0  0  0  0  0  0  0  0  0]
[ 0  0  0  0  0  0  0  0  0  0  0  1  0  0  0  0  0  0  0  0  0  0  0  0  0  0  0  0  0  0  0  0  0  0  0  0  0  0  0  0  0  0  0  0  0  0  0  0  0  0]
[ 0  0  0  0  0  0  0  0  0  0  0  0  0  0  0  0  0  0  0  0  0  0  0  0 -1  0  0  0  0  0  0  0  0  0  0  0  0  0  0  0  0  0  0  0  0  0  0  0  0  0]
[ 0  0  0  0  0  0  0  0  0  0  1  0  0  0  0  0  0  0  0  0  0  0  0  0  0  0  0  0  0  0  0  0  0  0  0  0  0  0  0  0  0  0  0  0  0  0  0  0  0  0]
[ 0  0  0  0  0  0  0  0  0  0  0  0  0  0  0  0  0  0  0  0  0  0  0  0  0  0  0  0  0  0  0  0  1  0  0  0  0  0  0  0  0  0  0  0  0  0  0  0  0  0]
[ 0  0  0  0  0  0  0  0  0  0  0  0  0  0  0  0  0  0  0  0  0  0  0  0  0  0  0  0  0  0  0  0  0  0  0  0  0  0  0  0 -1  0  0  0  0  0  0  0  0  0]
[ 0  0  0  0  0  0  0  0  0  0  0  0  0  0  0  0  0  0  0  0  0  0  0  0  0  0  0  0  0  0  0  0  0 -1  0  0  0  0  0  0  0  0  0  0  0  0  0  0  0  0]
[ 0  0  0  0  0  0  0  0  0  0  0  0  0  0  0  0  0  0  0  0  1  0  0  0  0  0  0  0  0  0  0  0  0  0  0  0  0  0  0  0  0  0  0  0  0  0  0  0  0  0]
[ 1  0  0  0  0  0  0  0  0  0  0  0  0  0  0  0  0  0  0  0  0  0  0  0  0  0  0  0  0  0  0  0  0  0  0  0  0  0  0  0  0  0  0  0  0  0  0  0  0  0]
[ 0  0  0  0  0  0  1  0  0  0  0  0  0  0  0  0  0  0  0  0  0  0  0  0  0  0  0  0  0  0  0  0  0  0  0  0  0  0  0  0  0  0  0  0  0  0  0  0  0  0]
[ 0  0  0  0  0  0  0  0  0  0  0  0  0  0  0  0  0  0  0  0  0  0  1  0  0  0  0  0  0  0  0  0  0  0  0  0  0  0  0  0  0  0  0  0  0  0  0  0  0  0]
[ 0  0  0  0  0  0  0  0  0  0  0  0  0  0  0 -1  0  0  0  0  0  0  0  0  0  0  0  0  0  0  0  0  0  0  0  0  0  0  0  0  0  0  0  0  0  0  0  0  0  0]
[ 0  0  0  0  0  0  0  0  0  0  0  0  0  0  0  0  0  0  0  0  0  0  0  0  0  0  0  0  0  0  0  0  0  0  0  0  0  0  0  0  0  1  0  0  0  0  0  0  0  0]
[ 0  0  0  1  0  0  0  0  0  0  0  0  0  0  0  0  0  0  0  0  0  0  0  0  0  0  0  0  0  0  0  0  0  0  0  0  0  0  0  0  0  0  0  0  0  0  0  0  0  0]
[ 0  0  0  0  0  0  0  0  0  0  0  0  0  0  0  0  0  0  0  0  0  1  0  0  0  0  0  0  0  0  0  0  0  0  0  0  0  0  0  0  0  0  0  0  0  0  0  0  0  0]
[ 0  0  0  0  0  0  0  0  0  0  0  0  0  0  0  0  0  0  0  0  0  0  0  0  0  0  0  0  0  0  0  0  0  0  0  0  0  0  0  0  0  0  0  0  0  0 -1  0  0  0]
[ 0  0  0  0  0  0  0  0  0  0  0  0  0  0  0  0  0  0  0  0  0  0  0  0  0  0  0  0  0  0  0  0  0  0  0  0  0  0  0  1  0  0  0  0  0  0  0  0  0  0]
[ 0  0  0  0  0  0  0  1  0  0  0  0  0  0  0  0  0  0  0  0  0  0  0  0  0  0  0  0  0  0  0  0  0  0  0  0  0  0  0  0  0  0  0  0  0  0  0  0  0  0]
[ 0  0 -1  0  0  0  0  0  0  0  0  0  0  0  0  0  0  0  0  0  0  0  0  0  0  0  0  0  0  0  0  0  0  0  0  0  0  0  0  0  0  0  0  0  0  0  0  0  0  0]
[ 0  1  0  0  0  0  0  0  0  0  0  0  0  0  0  0  0  0  0  0  0  0  0  0  0  0  0  0  0  0  0  0  0  0  0  0  0  0  0  0  0  0  0  0  0  0  0  0  0  0]
[ 0  0  0  0  0  0  0  0  0 -1  0  0  0  0  0  0  0  0  0  0  0  0  0  0  0  0  0  0  0  0  0  0  0  0  0  0  0  0  0  0  0  0  0  0  0  0  0  0  0  0]
[ 0  0  0  0  0  0  0  0  0  0  0  0  0  0  0  0  0  0  0  0  0  0  0  0  0  1  0  0  0  0  0  0  0  0  0  0  0  0  0  0  0  0  0  0  0  0  0  0  0  0]
[ 0  0  0  0  0  0  0  0  0  0  0  0  0  0  0  0 -1  0  0  0  0  0  0  0  0  0  0  0  0  0  0  0  0  0  0  0  0  0  0  0  0  0  0  0  0  0  0  0  0  0]
[ 0  0  0  0  0  0  0  0  0  0  0  0  0  0  0  0  0  0  0  0  0  0  0  0  0  0  0  0  0  0  0  0  0  0  0  0  0  0  0  0  0  0  0  1  0  0  0  0  0  0]
[ 0  0  0  0  0  0  0  0  0  0  0  0  0  0  0  0  0  0  0  0  0  0  0  0  0  0  0  0  0  0  0  0  0  0 -1  0  0  0  0  0  0  0  0  0  0  0  0  0  0  0]
[ 0  0  0  0  0  0  0  0  0  0  0  0  0 -1  0  0  0  0  0  0  0  0  0  0  0  0  0  0  0  0  0  0  0  0  0  0  0  0  0  0  0  0  0  0  0  0  0  0  0  0]
[ 0  0  0  0  0  0  0  0  0  0  0  0  0  0  0  0  0  0  0  0  0  0  0  0  0  0  0  0  0  0  0  0  0  0  0  0  0  0 -1  0  0  0  0  0  0  0  0  0  0  0]
[ 0  0  0  0  0  0  0  0  0  0  0  0  0  0  0  0  0  0  0  0  0  0  0  0  0  0  0  0 -1  0  0  0  0  0  0  0  0  0  0  0  0  0  0  0  0  0  0  0  0  0]
[ 0  0  0  0  0  0  0  0  0  0  0  0  0  0  0  0  0  0  0  0  0  0  0  1  0  0  0  0  0  0  0  0  0  0  0  0  0  0  0  0  0  0  0  0  0  0  0  0  0  0]
[ 0  0  0  0  0  1  0  0  0  0  0  0  0  0  0  0  0  0  0  0  0  0  0  0  0  0  0  0  0  0  0  0  0  0  0  0  0  0  0  0  0  0  0  0  0  0  0  0  0  0]
[ 0  0  0  0  0  0  0  0  0  0  0  0  0  0  0  0  0  0  0  0  0  0  0  0  0  0  0  0  0  0  0  0  0  0  0  1  0  0  0  0  0  0  0  0  0  0  0  0  0  0]
[ 0  0  0  0  0  0  0  0  0  0  0  0  0  0  0  0  0  0  0  0  0  0  0  0  0  0  0  0  0  0  1  0  0  0  0  0  0  0  0  0  0  0  0  0  0  0  0  0  0  0] 
; encaps_ciphertext = (c := (c, Z) :  [[827/860, 421/430, 7/172, 23/860, 413/430, 859/860, 397/430, 407/430, 427/430, 9/430, 1/215, 13/430, 38/43, 39/43, 63/860, 9/860, 849/860, 171/172, 859/860, 13/430, 21/860, 417/430, 29/860, 69/430, 787/860, 214/215, 6/215, 1/172, 11/215, 57/860, 39/430, 161/172, 169/172, 214/215, 93/860, 47/860, 383/430, 419/430, 171/172, 29/430, 3/215, 833/860, 167/172, 208/215, 381/430, 847/860, 169/172, 213/215, 13/430, 859/860]] 

Uc::::::  [   6/215]
[-859/860]
[ 413/430]
[ 161/172]
[  13/430]
[   1/172]
[ 383/430]
[  57/860]
[ 427/430]
[-847/860]
[-859/860]
[ 213/215]
[ 419/430]
[-167/172]
[ -63/860]
[ 171/172]
[-381/430]
[  13/430]
[   38/43]
[  13/430]
[-787/860]
[   1/215]
[ 169/172]
[  -3/215]
[-214/215]
[  21/860]
[ 827/860]
[ 397/430]
[  29/860]
[  -9/860]
[ 833/860]
[  23/860]
[ 417/430]
[-169/172]
[  29/430]
[ 407/430]
[  -7/172]
[ 421/430]
[  -9/430]
[ 214/215]
[-849/860]
[ 208/215]
[ -93/860]
[  -39/43]
[-171/172]
[ -11/215]
[  69/430]
[ 859/860]
[  47/860]
[  39/430]
y at decode:  [ 0]
[-1]
[ 1]
[ 1]
[ 0]
[ 0]
[ 1]
[ 0]
[ 1]
[-1]
[-1]
[ 1]
[ 1]
[-1]
[ 0]
[ 1]
[-1]
[ 0]
[ 1]
[ 0]
[-1]
[ 0]
[ 1]
[ 0]
[-1]
[ 0]
[ 1]
[ 1]
[ 0]
[ 0]
[ 1]
[ 0]
[ 1]
[-1]
[ 0]
[ 1]
[ 0]
[ 1]
[ 0]
[ 1]
[-1]
[ 1]
[ 0]
[-1]
[-1]
[ 0]
[ 0]
[ 1]
[ 0]
[ 0]
begin matrix subtraction
[ 0]
[-1]
[ 1]
[ 1]
[ 0]
[ 0]
[ 1]
[ 0]
[ 1]
[-1]
[-1]
[ 1]
[ 1]
[-1]
[ 0]
[ 1]
[-1]
[ 0]
[ 1]
[ 0]
[-1]
[ 0]
[ 1]
[ 0]
[-1]
[ 0]
[ 1]
[ 1]
[ 0]
[ 0]
[ 1]
[ 0]
[ 1]
[-1]
[ 0]
[ 1]
[ 0]
[ 1]
[ 0]
[ 1]
[-1]
[ 1]
[ 0]
[-1]
[-1]
[ 0]
[ 0]
[ 1]
[ 0]
[ 0]  M1!
[   6/215]
[-859/860]
[ 413/430]
[ 161/172]
[  13/430]
[   1/172]
[ 383/430]
[  57/860]
[ 427/430]
[-847/860]
[-859/860]
[ 213/215]
[ 419/430]
[-167/172]
[ -63/860]
[ 171/172]
[-381/430]
[  13/430]
[   38/43]
[  13/430]
[-787/860]
[   1/215]
[ 169/172]
[  -3/215]
[-214/215]
[  21/860]
[ 827/860]
[ 397/430]
[  29/860]
[  -9/860]
[ 833/860]
[  23/860]
[ 417/430]
[-169/172]
[  29/430]
[ 407/430]
[  -7/172]
[ 421/430]
[  -9/430]
[ 214/215]
[-849/860]
[ 208/215]
[ -93/860]
[  -39/43]
[-171/172]
[ -11/215]
[  69/430]
[ 859/860]
[  47/860]
[  39/430]  M2!
[ -6/215]
[ -1/860]
[ 17/430]
[ 11/172]
[-13/430]
[ -1/172]
[ 47/430]
[-57/860]
[  3/430]
[-13/860]
[ -1/860]
[  2/215]
[ 11/430]
[ -5/172]
[ 63/860]
[  1/172]
[-49/430]
[-13/430]
[   5/43]
[-13/430]
[-73/860]
[ -1/215]
[  3/172]
[  3/215]
[ -1/215]
[-21/860]
[ 33/860]
[ 33/430]
[-29/860]
[  9/860]
[ 27/860]
[-23/860]
[ 13/430]
[ -3/172]
[-29/430]
[ 23/430]
[  7/172]
[  9/430]
[  9/430]
[  1/215]
[-11/860]
[  7/215]
[ 93/860]
[  -4/43]
[ -1/172]
[ 11/215]
[-69/430]
[  1/860]
[-47/860]
[-39/430]  RES!
end matrix subtraction
quad_norm of y-(U*c) :   1/215*sqrt(13899/2)
GOOD SAMPLE, SAMPLE:  [ 0]
[-1]
[ 1]
[ 1]
[ 0]
[ 0]
[ 1]
[ 0]
[ 1]
[-1]
[-1]
[ 1]
[ 1]
[-1]
[ 0]
[ 1]
[-1]
[ 0]
[ 1]
[ 0]
[-1]
[ 0]
[ 1]
[ 0]
[-1]
[ 0]
[ 1]
[ 1]
[ 0]
[ 0]
[ 1]
[ 0]
[ 1]
[-1]
[ 0]
[ 1]
[ 0]
[ 1]
[ 0]
[ 1]
[-1]
[ 1]
[ 0]
[-1]
[-1]
[ 0]
[ 0]
[ 1]
[ 0]
[ 0]
U_invert_times_y:::::  [1]
[1]
[0]
[0]
[1]
[1]
[1]
[1]
[1]
[0]
[0]
[0]
[1]
[1]
[0]
[0]
[1]
[1]
[1]
[0]
[0]
[1]
[0]
[0]
[1]
[1]
[0]
[0]
[0]
[0]
[0]
[1]
[1]
[1]
[0]
[0]
[1]
[1]
[1]
[0]
[0]
[1]
[1]
[1]
[1]
[1]
[1]
[1]
[0]
[1]
begin matrix subtraction
[827/860 421/430   7/172  23/860 413/430 859/860 397/430 407/430 427/430   9/430   1/215  13/430   38/43   39/43  63/860   9/860 849/860 171/172 859/860  13/430  21/860 417/430  29/860  69/430 787/860 214/215   6/215   1/172  11/215  57/860  39/430 161/172 169/172 214/215  93/860  47/860 383/430 419/430 171/172  29/430   3/215 833/860 167/172 208/215 381/430 847/860 169/172 213/215  13/430 859/860]  M1!
[1 1 0 0 1 1 1 1 1 0 0 0 1 1 0 0 1 1 1 0 0 1 0 0 1 1 0 0 0 0 0 1 1 1 0 0 1 1 1 0 0 1 1 1 1 1 1 1 0 1]  M2!
[-33/860  -9/430   7/172  23/860 -17/430  -1/860 -33/430 -23/430  -3/430   9/430   1/215  13/430   -5/43   -4/43  63/860   9/860 -11/860  -1/172  -1/860  13/430  21/860 -13/430  29/860  69/430 -73/860  -1/215   6/215   1/172  11/215  57/860  39/430 -11/172  -3/172  -1/215  93/860  47/860 -47/430 -11/430  -1/172  29/430   3/215 -27/860  -5/172  -7/215 -49/430 -13/860  -3/172  -2/215  13/430  -1/860]  RES!
end matrix subtraction
c_minus_Uy_list :::::  [-33/860, -9/430, 7/172, 23/860, -17/430, -1/860, -33/430, -23/430, -3/430, 9/430, 1/215, 13/430, -5/43, -4/43, 63/860, 9/860, -11/860, -1/172, -1/860, 13/430, 21/860, -13/430, 29/860, 69/430, -73/860, -1/215, 6/215, 1/172, 11/215, 57/860, 39/430, -11/172, -3/172, -1/215, 93/860, 47/860, -47/430, -11/430, -1/172, 29/430, 3/215, -27/860, -5/172, -7/215, -49/430, -13/860, -3/172, -2/215, 13/430, -1/860]
extractor input vector: :::  [-33/860, -9/430, 7/172, 23/860, -17/430, -1/860, -33/430, -23/430, -3/430, 9/430, 1/215, 13/430, -5/43, -4/43, 63/860, 9/860, -11/860, -1/172, -1/860, 13/430, 21/860, -13/430, 29/860, 69/430, -73/860, -1/215, 6/215, 1/172, 11/215, 57/860, 39/430, -11/172, -3/172, -1/215, 93/860, 47/860, -47/430, -11/430, -1/172, 29/430, 3/215, -27/860, -5/172, -7/215, -49/430, -13/860, -3/172, -2/215, 13/430, -1/860]
decaps_symmetric_k:  54966f61d4239d2bfa10ba0aa4e6df2269d55b0ba00410d52091821dcf825d69
is encaps_symmetric_k equal to decaps_symmetric_k?:  True




OUTPUT 3:


lattice dimensions (ndim):  75
PARAMS:
rho:  0.475000000000000
s:  3.16666666666667*sqrt(3)
q:  1097



BEGIN KEYGEN::::

QUADRATIC FORM S=I_n
PRIV/SECRET KEY, U
[ 0  0  0  0  0  0  0  0  0  0  0  0  0  0  0  0  0  0  0  0  0  0  0  0  0  0  0  0  0  0  0  0  0  0  0  0  0  0  0  0  0  0  0  0  0  0  0  0  0  0  0  0  0  0  0  0  0  0  0  0  0  1  0  0  0  0  0  0  0  0  0  0  0  0  0]
[ 0  0 -1  0  0  0  0  0  0  0  0  0  0  0  0  0  0  0  0  0  0  0  0  0  0  0  0  0  0  0  0  0  0  0  0  0  0  0  0  0  0  0  0  0  0  0  0  0  0  0  0  0  0  0  0  0  0  0  0  0  0  0  0  0  0  0  0  0  0  0  0  0  0  0  0]
[ 0  0  0  0  0  0  0  0  0  0  0  0  0  0  0  0  0  0  0  0  0  1  0  0  0  0  0  0  0  0  0  0  0  0  0  0  0  0  0  0  0  0  0  0  0  0  0  0  0  0  0  0  0  0  0  0  0  0  0  0  0  0  0  0  0  0  0  0  0  0  0  0  0  0  0]
[ 0  0  0  0  0  0  0 -1  0  0  0  0  0  0  0  0  0  0  0  0  0  0  0  0  0  0  0  0  0  0  0  0  0  0  0  0  0  0  0  0  0  0  0  0  0  0  0  0  0  0  0  0  0  0  0  0  0  0  0  0  0  0  0  0  0  0  0  0  0  0  0  0  0  0  0]
[ 0  0  0  0  0  0  0  0  0  0  0  0  0  0  0  0  0  0  0  0  0  0  0  0  0  0  0  0  0  0  0  0  0  0  0  0  0  0  0  0  0  0  0  0  0  0  0  0  0  0  0  0  0  0  0  0  0  0  0  0  0  0  1  0  0  0  0  0  0  0  0  0  0  0  0]
[ 0  0  0  0  0  0  0  0  0  0  0  0  0  0  0  0  0  0  0  0  0  0  0  0  0  0  0  0  0  0  0 -1  0  0  0  0  0  0  0  0  0  0  0  0  0  0  0  0  0  0  0  0  0  0  0  0  0  0  0  0  0  0  0  0  0  0  0  0  0  0  0  0  0  0  0]
[ 0  0  0  0  0  0  0  0  0  0  0  0  0  0  0  0  0  0  0  0  0  0  0  0  0 -1  0  0  0  0  0  0  0  0  0  0  0  0  0  0  0  0  0  0  0  0  0  0  0  0  0  0  0  0  0  0  0  0  0  0  0  0  0  0  0  0  0  0  0  0  0  0  0  0  0]
[ 0  0  0  0  0  0  0  0 -1  0  0  0  0  0  0  0  0  0  0  0  0  0  0  0  0  0  0  0  0  0  0  0  0  0  0  0  0  0  0  0  0  0  0  0  0  0  0  0  0  0  0  0  0  0  0  0  0  0  0  0  0  0  0  0  0  0  0  0  0  0  0  0  0  0  0]
[ 0  0  0  0  0  0  0  0  0  0  0  0  0  0  0  0  0  0  0  0  0  0  0  0  0  0  0  0  0  0  0  0  0  0  0  0  0  0  0  0  0  0  0  0  0  0  0  0  0  0  0  0  0  0  0  0  0  0  0  0  0  0  0  0  0  0  0  0  0  0  0  0 -1  0  0]
[ 0  0  0  0  0  0  0  0  0  0  0  0  0  0  0  0  0  0  0  0  0  0  0  0  0  0  0  0  0  0  0  0  0  0  0  0  0  0  0  0  0  0  0  0  0  0  0  0  0  0  0  0  0  0  0  0  0  0  0  0  0  0  0  0 -1  0  0  0  0  0  0  0  0  0  0]
[ 0  0  0  0  0  0  0  0  0  0 -1  0  0  0  0  0  0  0  0  0  0  0  0  0  0  0  0  0  0  0  0  0  0  0  0  0  0  0  0  0  0  0  0  0  0  0  0  0  0  0  0  0  0  0  0  0  0  0  0  0  0  0  0  0  0  0  0  0  0  0  0  0  0  0  0]
[ 0  0  0  0  0 -1  0  0  0  0  0  0  0  0  0  0  0  0  0  0  0  0  0  0  0  0  0  0  0  0  0  0  0  0  0  0  0  0  0  0  0  0  0  0  0  0  0  0  0  0  0  0  0  0  0  0  0  0  0  0  0  0  0  0  0  0  0  0  0  0  0  0  0  0  0]
[ 0  0  0  0  0  0  0  0  0  0  0  0  0  0  0  0  0  0  0  0  0  0  0  0  0  0  0  0  0  0  0  0  0  0  0  0  0  0  0  0  0  0  0  0  0  0  0  0  0  0  0  0  0  0  0  0  0  0  0  0  0  0  0  0  0  0  0  1  0  0  0  0  0  0  0]
[ 0  0  0  1  0  0  0  0  0  0  0  0  0  0  0  0  0  0  0  0  0  0  0  0  0  0  0  0  0  0  0  0  0  0  0  0  0  0  0  0  0  0  0  0  0  0  0  0  0  0  0  0  0  0  0  0  0  0  0  0  0  0  0  0  0  0  0  0  0  0  0  0  0  0  0]
[-1  0  0  0  0  0  0  0  0  0  0  0  0  0  0  0  0  0  0  0  0  0  0  0  0  0  0  0  0  0  0  0  0  0  0  0  0  0  0  0  0  0  0  0  0  0  0  0  0  0  0  0  0  0  0  0  0  0  0  0  0  0  0  0  0  0  0  0  0  0  0  0  0  0  0]
[ 0  0  0  0  0  0  0  0  0  0  0  0  0  0  0  0  0  0  0  0  0  0  0  0  0  0  0  0  0  0  0  0  0  0  0  0  0  0  0  0  0 -1  0  0  0  0  0  0  0  0  0  0  0  0  0  0  0  0  0  0  0  0  0  0  0  0  0  0  0  0  0  0  0  0  0]
[ 0  0  0  0  0  0  1  0  0  0  0  0  0  0  0  0  0  0  0  0  0  0  0  0  0  0  0  0  0  0  0  0  0  0  0  0  0  0  0  0  0  0  0  0  0  0  0  0  0  0  0  0  0  0  0  0  0  0  0  0  0  0  0  0  0  0  0  0  0  0  0  0  0  0  0]
[ 0  0  0  0  0  0  0  0  0  0  0  0  0  0  0  0  0  0  0  0  0  0  0  0  0  0  0  0  0  0  0  0  0  0  0  0  0  0  0  0  0  0  0  0  0  0  0  0  0  0  0  0  0  0  0  0 -1  0  0  0  0  0  0  0  0  0  0  0  0  0  0  0  0  0  0]
[ 0  0  0  0  0  0  0  0  0  0  0  0  0  0  0  0  0  0  0  0  0  0  0  0  0  0  0  0  0  0  0  0  0  0  0  0  0  0  0  0  0  0  0  0  0  0  0  0  0  0  0  0  0  0  0  0  0  0  0  0  0  0  0  1  0  0  0  0  0  0  0  0  0  0  0]
[ 0  0  0  0  0  0  0  0  0  0  0  0  0  0  0  0  0  0  0  0  0  0 -1  0  0  0  0  0  0  0  0  0  0  0  0  0  0  0  0  0  0  0  0  0  0  0  0  0  0  0  0  0  0  0  0  0  0  0  0  0  0  0  0  0  0  0  0  0  0  0  0  0  0  0  0]
[ 0  0  0  0  0  0  0  0  0  0  0  0  0  0  0  0  0  0  0  0  0  0  0  0  0  0  0  0  0  0  0  0  0  0  0  0  0  0  0  0  0  0  0  0  0  0  0  0  0  0  0  0  0  0  0  0  0  0  0  0  0  0  0  0  0  0  0  0  0  0 -1  0  0  0  0]
[ 0  0  0  0  0  0  0  0  0  0  0  0  0  0  0  0  0  0  0  0  0  0  0  0  0  0  0  0  0  0  0  0  0  0  0  0  0  0  0  0  0  0  0  0  0  0  0  0  0  0  0  0  0  0  0  0  0  0  0  0  0  0  0  0  0  0  0  0  0  0  0  0  0  0 -1]
[ 0  0  0  0  0  0  0  0  0  0  0  0  0  0  0  0  0  0  0  0  0  0  0  0  0  0  0  0  0  0  0  0  0  0  0  0  0  0  0  0  0  0 -1  0  0  0  0  0  0  0  0  0  0  0  0  0  0  0  0  0  0  0  0  0  0  0  0  0  0  0  0  0  0  0  0]
[ 0  0  0  0  0  0  0  0  0  0  0  0  0  0  0  0  0  0  0  0  0  0  0  0  0  0  0  0  0  0  0  0  0  1  0  0  0  0  0  0  0  0  0  0  0  0  0  0  0  0  0  0  0  0  0  0  0  0  0  0  0  0  0  0  0  0  0  0  0  0  0  0  0  0  0]
[ 0  0  0  0  0  0  0  0  0  0  0  0  0  0  0  0  0  0 -1  0  0  0  0  0  0  0  0  0  0  0  0  0  0  0  0  0  0  0  0  0  0  0  0  0  0  0  0  0  0  0  0  0  0  0  0  0  0  0  0  0  0  0  0  0  0  0  0  0  0  0  0  0  0  0  0]
[ 0  0  0  0  0  0  0  0  0  0  0  0  0  0  0  0  0  0  0  0  0  0  0  0  0  0  0  0  0  0  0  0  0  0  0  0  0  0  0  0  0  0  0  0  0  1  0  0  0  0  0  0  0  0  0  0  0  0  0  0  0  0  0  0  0  0  0  0  0  0  0  0  0  0  0]
[ 0  0  0  0  0  0  0  0  0 -1  0  0  0  0  0  0  0  0  0  0  0  0  0  0  0  0  0  0  0  0  0  0  0  0  0  0  0  0  0  0  0  0  0  0  0  0  0  0  0  0  0  0  0  0  0  0  0  0  0  0  0  0  0  0  0  0  0  0  0  0  0  0  0  0  0]
[ 0  0  0  0  0  0  0  0  0  0  0  0  0  0  0  0  0  0  0  0  0  0  0  0  0  0  0  0  0  0  0  0  0  0  0  0  0  0  0  0  0  0  0  0  0  0  0  0  0  0  0  0  0  0  0  0  0 -1  0  0  0  0  0  0  0  0  0  0  0  0  0  0  0  0  0]
[ 0  0  0  0  0  0  0  0  0  0  0  0  0  0  0  0  0  0  0  0  0  0  0  0  0  0  0  0  0  0  0  0  0  0  0  0  0  0 -1  0  0  0  0  0  0  0  0  0  0  0  0  0  0  0  0  0  0  0  0  0  0  0  0  0  0  0  0  0  0  0  0  0  0  0  0]
[ 0  0  0  0  0  0  0  0  0  0  0  0  0  0  0  0  0  0  0  0  0  0  0  0  0  0  0  0  0  0  0  0  0  0  0  0  0  0  0  0  0  0  0  0  0  0  0  0  0  0  0  0  0  0  0  0  0  0  0 -1  0  0  0  0  0  0  0  0  0  0  0  0  0  0  0]
[ 0  0  0  0  0  0  0  0  0  0  0  0  0  0  0  0  0  0  0  0  0  0  0  0  0  0  1  0  0  0  0  0  0  0  0  0  0  0  0  0  0  0  0  0  0  0  0  0  0  0  0  0  0  0  0  0  0  0  0  0  0  0  0  0  0  0  0  0  0  0  0  0  0  0  0]
[ 0  0  0  0  0  0  0  0  0  0  0  0  0  0  0  0  0  0  0  0  0  0  0  0  0  0  0  0  0  0  0  0  0  0  0  0  0  0  0  0  0  0  0  0  0  0  1  0  0  0  0  0  0  0  0  0  0  0  0  0  0  0  0  0  0  0  0  0  0  0  0  0  0  0  0]
[ 0  0  0  0  0  0  0  0  0  0  0  0  0  0  0  0  0  0  0  0  0  0  0  0  0  0  0  0  0  0  0  0  0  0  0  0  0  0  0  0  0  0  0  0  0  0  0  0  0  0  0  0 -1  0  0  0  0  0  0  0  0  0  0  0  0  0  0  0  0  0  0  0  0  0  0]
[ 0  0  0  0  0  0  0  0  0  0  0  0  0  0  0  0  0  0  0  0  0  0  0  0  0  0  0  0  0  0  0  0  0  0  0  0  0  0  0  0  0  0  0  0  0  0  0  0  0  0  0  0  0  0  0  0  0  0  1  0  0  0  0  0  0  0  0  0  0  0  0  0  0  0  0]
[ 0  0  0  0  0  0  0  0  0  0  0  0  0  0  0  0  0  0  0  0  0  0  0  0  0  0  0  0  0  0  0  0  0  0  0  0  0  0  0  0  0  0  0  0 -1  0  0  0  0  0  0  0  0  0  0  0  0  0  0  0  0  0  0  0  0  0  0  0  0  0  0  0  0  0  0]
[ 0  0  0  0  0  0  0  0  0  0  0  0  0  0  0  1  0  0  0  0  0  0  0  0  0  0  0  0  0  0  0  0  0  0  0  0  0  0  0  0  0  0  0  0  0  0  0  0  0  0  0  0  0  0  0  0  0  0  0  0  0  0  0  0  0  0  0  0  0  0  0  0  0  0  0]
[ 0  0  0  0  0  0  0  0  0  0  0  0  0  0 -1  0  0  0  0  0  0  0  0  0  0  0  0  0  0  0  0  0  0  0  0  0  0  0  0  0  0  0  0  0  0  0  0  0  0  0  0  0  0  0  0  0  0  0  0  0  0  0  0  0  0  0  0  0  0  0  0  0  0  0  0]
[ 0  0  0  0  0  0  0  0  0  0  0  0  0  0  0  0  0  0  0  0  0  0  0  0  0  0  0  0  0  0  0  0  0  0  0  0  0  0  0  0  0  0  0  0  0  0  0  0  0  0  0  0  0  0  0  0  0  0  0  0  0  0  0  0  0  0  0  0  0  0  0  1  0  0  0]
[ 0  0  0  0  0  0  0  0  0  0  0  0  0  0  0  0  0  0  0  0  0  0  0  0  0  0  0  0  0  0 -1  0  0  0  0  0  0  0  0  0  0  0  0  0  0  0  0  0  0  0  0  0  0  0  0  0  0  0  0  0  0  0  0  0  0  0  0  0  0  0  0  0  0  0  0]
[ 0  0  0  0  0  0  0  0  0  0  0  0  0  0  0  0  0  0  0  0  0  0  0  0  0  0  0  0  0  0  0  0  0  0  0  0  0  0  0  0  0  0  0  0  0  0  0  0  0  0 -1  0  0  0  0  0  0  0  0  0  0  0  0  0  0  0  0  0  0  0  0  0  0  0  0]
[ 0  0  0  0  0  0  0  0  0  0  0  0  0  0  0  0 -1  0  0  0  0  0  0  0  0  0  0  0  0  0  0  0  0  0  0  0  0  0  0  0  0  0  0  0  0  0  0  0  0  0  0  0  0  0  0  0  0  0  0  0  0  0  0  0  0  0  0  0  0  0  0  0  0  0  0]
[ 0  0  0  0  0  0  0  0  0  0  0  0  0  0  0  0  0  0  0  0  0  0  0  0  0  0  0  0  0  0  0  0  0  0  0  0  0  0  0  0  0  0  0  0  0  0  0  0  0 -1  0  0  0  0  0  0  0  0  0  0  0  0  0  0  0  0  0  0  0  0  0  0  0  0  0]
[ 0  0  0  0  0  0  0  0  0  0  0  0  0  0  0  0  0  0  0  0  0  0  0  0  0  0  0 -1  0  0  0  0  0  0  0  0  0  0  0  0  0  0  0  0  0  0  0  0  0  0  0  0  0  0  0  0  0  0  0  0  0  0  0  0  0  0  0  0  0  0  0  0  0  0  0]
[ 0  0  0  0  0  0  0  0  0  0  0  0  0  0  0  0  0 -1  0  0  0  0  0  0  0  0  0  0  0  0  0  0  0  0  0  0  0  0  0  0  0  0  0  0  0  0  0  0  0  0  0  0  0  0  0  0  0  0  0  0  0  0  0  0  0  0  0  0  0  0  0  0  0  0  0]
[ 0  0  0  0  0  0  0  0  0  0  0  0  0  0  0  0  0  0  0  0  0  0  0  0  0  0  0  0  0  0  0  0  0  0  0  0  0  0  0  0  0  0  0  0  0  0  0  0  0  0  0  0  0  0  0  1  0  0  0  0  0  0  0  0  0  0  0  0  0  0  0  0  0  0  0]
[ 0  0  0  0  0  0  0  0  0  0  0  0  1  0  0  0  0  0  0  0  0  0  0  0  0  0  0  0  0  0  0  0  0  0  0  0  0  0  0  0  0  0  0  0  0  0  0  0  0  0  0  0  0  0  0  0  0  0  0  0  0  0  0  0  0  0  0  0  0  0  0  0  0  0  0]
[ 0  0  0  0  0  0  0  0  0  0  0  0  0  0  0  0  0  0  0  0  0  0  0  0  0  0  0  0  0  0  0  0  0  0  0 -1  0  0  0  0  0  0  0  0  0  0  0  0  0  0  0  0  0  0  0  0  0  0  0  0  0  0  0  0  0  0  0  0  0  0  0  0  0  0  0]
[ 0  0  0  0  0  0  0  0  0  0  0  0  0  0  0  0  0  0  0  0  0  0  0  0  0  0  0  0  0  0  0  0  0  0  0  0  0  0  0  0  0  0  0  0  0  0  0  0  0  0  0  0  0  0  0  0  0  0  0  0  0  0  0  0  0  1  0  0  0  0  0  0  0  0  0]
[ 0  0  0  0  0  0  0  0  0  0  0  0  0  0  0  0  0  0  0  0  0  0  0  0  0  0  0  0  0  0  0  0  0  0  0  0  0  0  0  0  0  0  0  1  0  0  0  0  0  0  0  0  0  0  0  0  0  0  0  0  0  0  0  0  0  0  0  0  0  0  0  0  0  0  0]
[ 0  0  0  0  0  0  0  0  0  0  0  0  0  0  0  0  0  0  0  0  0  0  0  0  0  0  0  0  0  0  0  0  0  0  0  0  0  0  0  0  0  0  0  0  0  0  0  0 -1  0  0  0  0  0  0  0  0  0  0  0  0  0  0  0  0  0  0  0  0  0  0  0  0  0  0]
[ 0  0  0  0  0  0  0  0  0  0  0  0  0 -1  0  0  0  0  0  0  0  0  0  0  0  0  0  0  0  0  0  0  0  0  0  0  0  0  0  0  0  0  0  0  0  0  0  0  0  0  0  0  0  0  0  0  0  0  0  0  0  0  0  0  0  0  0  0  0  0  0  0  0  0  0]
[ 0  0  0  0  0  0  0  0  0  0  0  0  0  0  0  0  0  0  0  0  0  0  0  0  0  0  0  0  0  0  0  0  0  0  0  0 -1  0  0  0  0  0  0  0  0  0  0  0  0  0  0  0  0  0  0  0  0  0  0  0  0  0  0  0  0  0  0  0  0  0  0  0  0  0  0]
[ 0  0  0  0  0  0  0  0  0  0  0  0  0  0  0  0  0  0  0  0  0  0  0  0  0  0  0  0  0  0  0  0  0  0  0  0  0  0  0  0  0  0  0  0  0  0  0  0  0  0  0  0  0  0  0  0  0  0  0  0 -1  0  0  0  0  0  0  0  0  0  0  0  0  0  0]
[ 0  0  0  0  0  0  0  0  0  0  0  0  0  0  0  0  0  0  0 -1  0  0  0  0  0  0  0  0  0  0  0  0  0  0  0  0  0  0  0  0  0  0  0  0  0  0  0  0  0  0  0  0  0  0  0  0  0  0  0  0  0  0  0  0  0  0  0  0  0  0  0  0  0  0  0]
[ 0  0  0  0  0  0  0  0  0  0  0  0  0  0  0  0  0  0  0  0  0  0  0  0  0  0  0  0  0  0  0  0  0  0  0  0  0  0  0  0  0  0  0  0  0  0  0  0  0  0  0  0  0  0  0  0  0  0  0  0  0  0  0  0  0  0  0  0  0  0  0  0  0 -1  0]
[ 0  0  0  0  0  0  0  0  0  0  0  0  0  0  0  0  0  0  0  0  0  0  0  0  0  0  0  0  0  0  0  0  0  0  0  0  0  0  0  0  0  0  0  0  0  0  0  1  0  0  0  0  0  0  0  0  0  0  0  0  0  0  0  0  0  0  0  0  0  0  0  0  0  0  0]
[ 0  0  0  0  0  0  0  0  0  0  0  0  0  0  0  0  0  0  0  0  0  0  0  0  0  0  0  0  0  0  0  0  0  0  0  0  0  0  0  0  0  0  0  0  0  0  0  0  0  0  0  0  0  0  0  0  0  0  0  0  0  0  0  0  0  0  1  0  0  0  0  0  0  0  0]
[ 0  0  0  0  0  0  0  0  0  0  0  0  0  0  0  0  0  0  0  0  0  0  0  0  1  0  0  0  0  0  0  0  0  0  0  0  0  0  0  0  0  0  0  0  0  0  0  0  0  0  0  0  0  0  0  0  0  0  0  0  0  0  0  0  0  0  0  0  0  0  0  0  0  0  0]
[ 0  0  0  0  0  0  0  0  0  0  0  0  0  0  0  0  0  0  0  0  0  0  0  0  0  0  0  0  0  0  0  0  1  0  0  0  0  0  0  0  0  0  0  0  0  0  0  0  0  0  0  0  0  0  0  0  0  0  0  0  0  0  0  0  0  0  0  0  0  0  0  0  0  0  0]
[ 0  0  0  0  0  0  0  0  0  0  0  0  0  0  0  0  0  0  0  0  0  0  0  0  0  0  0  0  0  0  0  0  0  0  0  0  0  0  0 -1  0  0  0  0  0  0  0  0  0  0  0  0  0  0  0  0  0  0  0  0  0  0  0  0  0  0  0  0  0  0  0  0  0  0  0]
[ 0  0  0  0  0  0  0  0  0  0  0  0  0  0  0  0  0  0  0  0  0  0  0  0  0  0  0  0  0  0  0  0  0  0  0  0  0  0  0  0  1  0  0  0  0  0  0  0  0  0  0  0  0  0  0  0  0  0  0  0  0  0  0  0  0  0  0  0  0  0  0  0  0  0  0]
[ 0  0  0  0  0  0  0  0  0  0  0  0  0  0  0  0  0  0  0  0  0  0  0  0  0  0  0  0  0  0  0  0  0  0  0  0  0  0  0  0  0  0  0  0  0  0  0  0  0  0  0  0  0 -1  0  0  0  0  0  0  0  0  0  0  0  0  0  0  0  0  0  0  0  0  0]
[ 0  0  0  0  0  0  0  0  0  0  0  0  0  0  0  0  0  0  0  0  0  0  0  0  0  0  0  0  0  0  0  0  0  0  0  0  0 -1  0  0  0  0  0  0  0  0  0  0  0  0  0  0  0  0  0  0  0  0  0  0  0  0  0  0  0  0  0  0  0  0  0  0  0  0  0]
[ 0  0  0  0  0  0  0  0  0  0  0  0  0  0  0  0  0  0  0  0  0  0  0  0  0  0  0  0  0  0  0  0  0  0  0  0  0  0  0  0  0  0  0  0  0  0  0  0  0  0  0 -1  0  0  0  0  0  0  0  0  0  0  0  0  0  0  0  0  0  0  0  0  0  0  0]
[ 0  0  0  0  0  0  0  0  0  0  0  1  0  0  0  0  0  0  0  0  0  0  0  0  0  0  0  0  0  0  0  0  0  0  0  0  0  0  0  0  0  0  0  0  0  0  0  0  0  0  0  0  0  0  0  0  0  0  0  0  0  0  0  0  0  0  0  0  0  0  0  0  0  0  0]
[ 0  0  0  0  0  0  0  0  0  0  0  0  0  0  0  0  0  0  0  0  0  0  0  0  0  0  0  0  0  0  0  0  0  0  1  0  0  0  0  0  0  0  0  0  0  0  0  0  0  0  0  0  0  0  0  0  0  0  0  0  0  0  0  0  0  0  0  0  0  0  0  0  0  0  0]
[ 0  0  0  0  0  0  0  0  0  0  0  0  0  0  0  0  0  0  0  0  0  0  0  0  0  0  0  0  0 -1  0  0  0  0  0  0  0  0  0  0  0  0  0  0  0  0  0  0  0  0  0  0  0  0  0  0  0  0  0  0  0  0  0  0  0  0  0  0  0  0  0  0  0  0  0]
[ 0  0  0  0  0  0  0  0  0  0  0  0  0  0  0  0  0  0  0  0  0  0  0  0  0  0  0  0  0  0  0  0  0  0  0  0  0  0  0  0  0  0  0  0  0  0  0  0  0  0  0  0  0  0 -1  0  0  0  0  0  0  0  0  0  0  0  0  0  0  0  0  0  0  0  0]
[ 0  0  0  0  0  0  0  0  0  0  0  0  0  0  0  0  0  0  0  0 -1  0  0  0  0  0  0  0  0  0  0  0  0  0  0  0  0  0  0  0  0  0  0  0  0  0  0  0  0  0  0  0  0  0  0  0  0  0  0  0  0  0  0  0  0  0  0  0  0  0  0  0  0  0  0]
[ 0  0  0  0  0  0  0  0  0  0  0  0  0  0  0  0  0  0  0  0  0  0  0  0  0  0  0  0  1  0  0  0  0  0  0  0  0  0  0  0  0  0  0  0  0  0  0  0  0  0  0  0  0  0  0  0  0  0  0  0  0  0  0  0  0  0  0  0  0  0  0  0  0  0  0]
[ 0 -1  0  0  0  0  0  0  0  0  0  0  0  0  0  0  0  0  0  0  0  0  0  0  0  0  0  0  0  0  0  0  0  0  0  0  0  0  0  0  0  0  0  0  0  0  0  0  0  0  0  0  0  0  0  0  0  0  0  0  0  0  0  0  0  0  0  0  0  0  0  0  0  0  0]
[ 0  0  0  0  0  0  0  0  0  0  0  0  0  0  0  0  0  0  0  0  0  0  0  0  0  0  0  0  0  0  0  0  0  0  0  0  0  0  0  0  0  0  0  0  0  0  0  0  0  0  0  0  0  0  0  0  0  0  0  0  0  0  0  0  0  0  0  0  1  0  0  0  0  0  0]
[ 0  0  0  0  0  0  0  0  0  0  0  0  0  0  0  0  0  0  0  0  0  0  0 -1  0  0  0  0  0  0  0  0  0  0  0  0  0  0  0  0  0  0  0  0  0  0  0  0  0  0  0  0  0  0  0  0  0  0  0  0  0  0  0  0  0  0  0  0  0  0  0  0  0  0  0]
[ 0  0  0  0  0  0  0  0  0  0  0  0  0  0  0  0  0  0  0  0  0  0  0  0  0  0  0  0  0  0  0  0  0  0  0  0  0  0  0  0  0  0  0  0  0  0  0  0  0  0  0  0  0  0  0  0  0  0  0  0  0  0  0  0  0  0  0  0  0  1  0  0  0  0  0]
[ 0  0  0  0 -1  0  0  0  0  0  0  0  0  0  0  0  0  0  0  0  0  0  0  0  0  0  0  0  0  0  0  0  0  0  0  0  0  0  0  0  0  0  0  0  0  0  0  0  0  0  0  0  0  0  0  0  0  0  0  0  0  0  0  0  0  0  0  0  0  0  0  0  0  0  0]
SECRET KEY DETERMINANT:  -1
PUBLIC KEY/QUADRATIC FORM P = U^t * S * U = I_n



BEGIN ENCAPS::::

sample  (-26, -28, 8, 43, -97, 43, -18, -55, 50, -29, -49, -22, -80, -9, -106, 5, 46, 30, 74, 115, -36, 41, -9, 15, -8, 41, 1, -12, -50, -27, 5, 62, -83, 47, 5, -43, 33, 34, -3, -103, -46, 36, 129, -43, -68, -48, 125, -70, -73, 45, -52, 1, -74, 65, 37, -65, 62, -73, 33, -114, 70, -106, 25, 51, 24, -39, -40, -32, -34, 56, -4, -34, -24, 98, 73)
e_vec  [-26/1097, -28/1097, 8/1097, 43/1097, -97/1097, 43/1097, -18/1097, -55/1097, 50/1097, -29/1097, -49/1097, -22/1097, -80/1097, -9/1097, -106/1097, 5/1097, 46/1097, 30/1097, 74/1097, 115/1097, -36/1097, 41/1097, -9/1097, 15/1097, -8/1097, 41/1097, 1/1097, -12/1097, -50/1097, -27/1097, 5/1097, 62/1097, -83/1097, 47/1097, 5/1097, -43/1097, 33/1097, 34/1097, -3/1097, -103/1097, -46/1097, 36/1097, 129/1097, -43/1097, -68/1097, -48/1097, 125/1097, -70/1097, -73/1097, 45/1097, -52/1097, 1/1097, -74/1097, 65/1097, 37/1097, -65/1097, 62/1097, -73/1097, 33/1097, -114/1097, 70/1097, -106/1097, 25/1097, 51/1097, 24/1097, -39/1097, -40/1097, -32/1097, -34/1097, 56/1097, -4/1097, -34/1097, -24/1097, 98/1097, 73/1097]
e vector:  [-26/1097, -28/1097, 8/1097, 43/1097, -97/1097, 43/1097, -18/1097, -55/1097, 50/1097, -29/1097, -49/1097, -22/1097, -80/1097, -9/1097, -106/1097, 5/1097, 46/1097, 30/1097, 74/1097, 115/1097, -36/1097, 41/1097, -9/1097, 15/1097, -8/1097, 41/1097, 1/1097, -12/1097, -50/1097, -27/1097, 5/1097, 62/1097, -83/1097, 47/1097, 5/1097, -43/1097, 33/1097, 34/1097, -3/1097, -103/1097, -46/1097, 36/1097, 129/1097, -43/1097, -68/1097, -48/1097, 125/1097, -70/1097, -73/1097, 45/1097, -52/1097, 1/1097, -74/1097, 65/1097, 37/1097, -65/1097, 62/1097, -73/1097, 33/1097, -114/1097, 70/1097, -106/1097, 25/1097, 51/1097, 24/1097, -39/1097, -40/1097, -32/1097, -34/1097, 56/1097, -4/1097, -34/1097, -24/1097, 98/1097, 73/1097]
c vector :::  [1071/1097, 1069/1097, 8/1097, 43/1097, 1000/1097, 43/1097, 1079/1097, 1042/1097, 50/1097, 1068/1097, 1048/1097, 1075/1097, 1017/1097, 1088/1097, 991/1097, 5/1097, 46/1097, 30/1097, 74/1097, 115/1097, 1061/1097, 41/1097, 1088/1097, 15/1097, 1089/1097, 41/1097, 1/1097, 1085/1097, 1047/1097, 1070/1097, 5/1097, 62/1097, 1014/1097, 47/1097, 5/1097, 1054/1097, 33/1097, 34/1097, 1094/1097, 994/1097, 1051/1097, 36/1097, 129/1097, 1054/1097, 1029/1097, 1049/1097, 125/1097, 1027/1097, 1024/1097, 45/1097, 1045/1097, 1/1097, 1023/1097, 65/1097, 37/1097, 1032/1097, 62/1097, 1024/1097, 33/1097, 983/1097, 70/1097, 991/1097, 25/1097, 51/1097, 24/1097, 1058/1097, 1057/1097, 1065/1097, 1063/1097, 56/1097, 1093/1097, 1063/1097, 1073/1097, 98/1097, 73/1097]
extractor input vector: :::  [-26/1097, -28/1097, 8/1097, 43/1097, -97/1097, 43/1097, -18/1097, -55/1097, 50/1097, -29/1097, -49/1097, -22/1097, -80/1097, -9/1097, -106/1097, 5/1097, 46/1097, 30/1097, 74/1097, 115/1097, -36/1097, 41/1097, -9/1097, 15/1097, -8/1097, 41/1097, 1/1097, -12/1097, -50/1097, -27/1097, 5/1097, 62/1097, -83/1097, 47/1097, 5/1097, -43/1097, 33/1097, 34/1097, -3/1097, -103/1097, -46/1097, 36/1097, 129/1097, -43/1097, -68/1097, -48/1097, 125/1097, -70/1097, -73/1097, 45/1097, -52/1097, 1/1097, -74/1097, 65/1097, 37/1097, -65/1097, 62/1097, -73/1097, 33/1097, -114/1097, 70/1097, -106/1097, 25/1097, 51/1097, 24/1097, -39/1097, -40/1097, -32/1097, -34/1097, 56/1097, -4/1097, -34/1097, -24/1097, 98/1097, 73/1097]
encaps_symmetric_k:  d807334bd59a7c32aaa04c4b2647394c542eb1a99081d72711fa3ea7136c5405
((c), k) ::::  [[[1071/1097, 1069/1097, 8/1097, 43/1097, 1000/1097, 43/1097, 1079/1097, 1042/1097, 50/1097, 1068/1097, 1048/1097, 1075/1097, 1017/1097, 1088/1097, 991/1097, 5/1097, 46/1097, 30/1097, 74/1097, 115/1097, 1061/1097, 41/1097, 1088/1097, 15/1097, 1089/1097, 41/1097, 1/1097, 1085/1097, 1047/1097, 1070/1097, 5/1097, 62/1097, 1014/1097, 47/1097, 5/1097, 1054/1097, 33/1097, 34/1097, 1094/1097, 994/1097, 1051/1097, 36/1097, 129/1097, 1054/1097, 1029/1097, 1049/1097, 125/1097, 1027/1097, 1024/1097, 45/1097, 1045/1097, 1/1097, 1023/1097, 65/1097, 37/1097, 1032/1097, 62/1097, 1024/1097, 33/1097, 983/1097, 70/1097, 991/1097, 25/1097, 51/1097, 24/1097, 1058/1097, 1057/1097, 1065/1097, 1063/1097, 56/1097, 1093/1097, 1063/1097, 1073/1097, 98/1097, 73/1097]], 'd807334bd59a7c32aaa04c4b2647394c542eb1a99081d72711fa3ea7136c5405']



BEGIN DECAPS::::

inputs: secret_key = U =
 [ 0  0  0  0  0  0  0  0  0  0  0  0  0  0  0  0  0  0  0  0  0  0  0  0  0  0  0  0  0  0  0  0  0  0  0  0  0  0  0  0  0  0  0  0  0  0  0  0  0  0  0  0  0  0  0  0  0  0  0  0  0  1  0  0  0  0  0  0  0  0  0  0  0  0  0]
[ 0  0 -1  0  0  0  0  0  0  0  0  0  0  0  0  0  0  0  0  0  0  0  0  0  0  0  0  0  0  0  0  0  0  0  0  0  0  0  0  0  0  0  0  0  0  0  0  0  0  0  0  0  0  0  0  0  0  0  0  0  0  0  0  0  0  0  0  0  0  0  0  0  0  0  0]
[ 0  0  0  0  0  0  0  0  0  0  0  0  0  0  0  0  0  0  0  0  0  1  0  0  0  0  0  0  0  0  0  0  0  0  0  0  0  0  0  0  0  0  0  0  0  0  0  0  0  0  0  0  0  0  0  0  0  0  0  0  0  0  0  0  0  0  0  0  0  0  0  0  0  0  0]
[ 0  0  0  0  0  0  0 -1  0  0  0  0  0  0  0  0  0  0  0  0  0  0  0  0  0  0  0  0  0  0  0  0  0  0  0  0  0  0  0  0  0  0  0  0  0  0  0  0  0  0  0  0  0  0  0  0  0  0  0  0  0  0  0  0  0  0  0  0  0  0  0  0  0  0  0]
[ 0  0  0  0  0  0  0  0  0  0  0  0  0  0  0  0  0  0  0  0  0  0  0  0  0  0  0  0  0  0  0  0  0  0  0  0  0  0  0  0  0  0  0  0  0  0  0  0  0  0  0  0  0  0  0  0  0  0  0  0  0  0  1  0  0  0  0  0  0  0  0  0  0  0  0]
[ 0  0  0  0  0  0  0  0  0  0  0  0  0  0  0  0  0  0  0  0  0  0  0  0  0  0  0  0  0  0  0 -1  0  0  0  0  0  0  0  0  0  0  0  0  0  0  0  0  0  0  0  0  0  0  0  0  0  0  0  0  0  0  0  0  0  0  0  0  0  0  0  0  0  0  0]
[ 0  0  0  0  0  0  0  0  0  0  0  0  0  0  0  0  0  0  0  0  0  0  0  0  0 -1  0  0  0  0  0  0  0  0  0  0  0  0  0  0  0  0  0  0  0  0  0  0  0  0  0  0  0  0  0  0  0  0  0  0  0  0  0  0  0  0  0  0  0  0  0  0  0  0  0]
[ 0  0  0  0  0  0  0  0 -1  0  0  0  0  0  0  0  0  0  0  0  0  0  0  0  0  0  0  0  0  0  0  0  0  0  0  0  0  0  0  0  0  0  0  0  0  0  0  0  0  0  0  0  0  0  0  0  0  0  0  0  0  0  0  0  0  0  0  0  0  0  0  0  0  0  0]
[ 0  0  0  0  0  0  0  0  0  0  0  0  0  0  0  0  0  0  0  0  0  0  0  0  0  0  0  0  0  0  0  0  0  0  0  0  0  0  0  0  0  0  0  0  0  0  0  0  0  0  0  0  0  0  0  0  0  0  0  0  0  0  0  0  0  0  0  0  0  0  0  0 -1  0  0]
[ 0  0  0  0  0  0  0  0  0  0  0  0  0  0  0  0  0  0  0  0  0  0  0  0  0  0  0  0  0  0  0  0  0  0  0  0  0  0  0  0  0  0  0  0  0  0  0  0  0  0  0  0  0  0  0  0  0  0  0  0  0  0  0  0 -1  0  0  0  0  0  0  0  0  0  0]
[ 0  0  0  0  0  0  0  0  0  0 -1  0  0  0  0  0  0  0  0  0  0  0  0  0  0  0  0  0  0  0  0  0  0  0  0  0  0  0  0  0  0  0  0  0  0  0  0  0  0  0  0  0  0  0  0  0  0  0  0  0  0  0  0  0  0  0  0  0  0  0  0  0  0  0  0]
[ 0  0  0  0  0 -1  0  0  0  0  0  0  0  0  0  0  0  0  0  0  0  0  0  0  0  0  0  0  0  0  0  0  0  0  0  0  0  0  0  0  0  0  0  0  0  0  0  0  0  0  0  0  0  0  0  0  0  0  0  0  0  0  0  0  0  0  0  0  0  0  0  0  0  0  0]
[ 0  0  0  0  0  0  0  0  0  0  0  0  0  0  0  0  0  0  0  0  0  0  0  0  0  0  0  0  0  0  0  0  0  0  0  0  0  0  0  0  0  0  0  0  0  0  0  0  0  0  0  0  0  0  0  0  0  0  0  0  0  0  0  0  0  0  0  1  0  0  0  0  0  0  0]
[ 0  0  0  1  0  0  0  0  0  0  0  0  0  0  0  0  0  0  0  0  0  0  0  0  0  0  0  0  0  0  0  0  0  0  0  0  0  0  0  0  0  0  0  0  0  0  0  0  0  0  0  0  0  0  0  0  0  0  0  0  0  0  0  0  0  0  0  0  0  0  0  0  0  0  0]
[-1  0  0  0  0  0  0  0  0  0  0  0  0  0  0  0  0  0  0  0  0  0  0  0  0  0  0  0  0  0  0  0  0  0  0  0  0  0  0  0  0  0  0  0  0  0  0  0  0  0  0  0  0  0  0  0  0  0  0  0  0  0  0  0  0  0  0  0  0  0  0  0  0  0  0]
[ 0  0  0  0  0  0  0  0  0  0  0  0  0  0  0  0  0  0  0  0  0  0  0  0  0  0  0  0  0  0  0  0  0  0  0  0  0  0  0  0  0 -1  0  0  0  0  0  0  0  0  0  0  0  0  0  0  0  0  0  0  0  0  0  0  0  0  0  0  0  0  0  0  0  0  0]
[ 0  0  0  0  0  0  1  0  0  0  0  0  0  0  0  0  0  0  0  0  0  0  0  0  0  0  0  0  0  0  0  0  0  0  0  0  0  0  0  0  0  0  0  0  0  0  0  0  0  0  0  0  0  0  0  0  0  0  0  0  0  0  0  0  0  0  0  0  0  0  0  0  0  0  0]
[ 0  0  0  0  0  0  0  0  0  0  0  0  0  0  0  0  0  0  0  0  0  0  0  0  0  0  0  0  0  0  0  0  0  0  0  0  0  0  0  0  0  0  0  0  0  0  0  0  0  0  0  0  0  0  0  0 -1  0  0  0  0  0  0  0  0  0  0  0  0  0  0  0  0  0  0]
[ 0  0  0  0  0  0  0  0  0  0  0  0  0  0  0  0  0  0  0  0  0  0  0  0  0  0  0  0  0  0  0  0  0  0  0  0  0  0  0  0  0  0  0  0  0  0  0  0  0  0  0  0  0  0  0  0  0  0  0  0  0  0  0  1  0  0  0  0  0  0  0  0  0  0  0]
[ 0  0  0  0  0  0  0  0  0  0  0  0  0  0  0  0  0  0  0  0  0  0 -1  0  0  0  0  0  0  0  0  0  0  0  0  0  0  0  0  0  0  0  0  0  0  0  0  0  0  0  0  0  0  0  0  0  0  0  0  0  0  0  0  0  0  0  0  0  0  0  0  0  0  0  0]
[ 0  0  0  0  0  0  0  0  0  0  0  0  0  0  0  0  0  0  0  0  0  0  0  0  0  0  0  0  0  0  0  0  0  0  0  0  0  0  0  0  0  0  0  0  0  0  0  0  0  0  0  0  0  0  0  0  0  0  0  0  0  0  0  0  0  0  0  0  0  0 -1  0  0  0  0]
[ 0  0  0  0  0  0  0  0  0  0  0  0  0  0  0  0  0  0  0  0  0  0  0  0  0  0  0  0  0  0  0  0  0  0  0  0  0  0  0  0  0  0  0  0  0  0  0  0  0  0  0  0  0  0  0  0  0  0  0  0  0  0  0  0  0  0  0  0  0  0  0  0  0  0 -1]
[ 0  0  0  0  0  0  0  0  0  0  0  0  0  0  0  0  0  0  0  0  0  0  0  0  0  0  0  0  0  0  0  0  0  0  0  0  0  0  0  0  0  0 -1  0  0  0  0  0  0  0  0  0  0  0  0  0  0  0  0  0  0  0  0  0  0  0  0  0  0  0  0  0  0  0  0]
[ 0  0  0  0  0  0  0  0  0  0  0  0  0  0  0  0  0  0  0  0  0  0  0  0  0  0  0  0  0  0  0  0  0  1  0  0  0  0  0  0  0  0  0  0  0  0  0  0  0  0  0  0  0  0  0  0  0  0  0  0  0  0  0  0  0  0  0  0  0  0  0  0  0  0  0]
[ 0  0  0  0  0  0  0  0  0  0  0  0  0  0  0  0  0  0 -1  0  0  0  0  0  0  0  0  0  0  0  0  0  0  0  0  0  0  0  0  0  0  0  0  0  0  0  0  0  0  0  0  0  0  0  0  0  0  0  0  0  0  0  0  0  0  0  0  0  0  0  0  0  0  0  0]
[ 0  0  0  0  0  0  0  0  0  0  0  0  0  0  0  0  0  0  0  0  0  0  0  0  0  0  0  0  0  0  0  0  0  0  0  0  0  0  0  0  0  0  0  0  0  1  0  0  0  0  0  0  0  0  0  0  0  0  0  0  0  0  0  0  0  0  0  0  0  0  0  0  0  0  0]
[ 0  0  0  0  0  0  0  0  0 -1  0  0  0  0  0  0  0  0  0  0  0  0  0  0  0  0  0  0  0  0  0  0  0  0  0  0  0  0  0  0  0  0  0  0  0  0  0  0  0  0  0  0  0  0  0  0  0  0  0  0  0  0  0  0  0  0  0  0  0  0  0  0  0  0  0]
[ 0  0  0  0  0  0  0  0  0  0  0  0  0  0  0  0  0  0  0  0  0  0  0  0  0  0  0  0  0  0  0  0  0  0  0  0  0  0  0  0  0  0  0  0  0  0  0  0  0  0  0  0  0  0  0  0  0 -1  0  0  0  0  0  0  0  0  0  0  0  0  0  0  0  0  0]
[ 0  0  0  0  0  0  0  0  0  0  0  0  0  0  0  0  0  0  0  0  0  0  0  0  0  0  0  0  0  0  0  0  0  0  0  0  0  0 -1  0  0  0  0  0  0  0  0  0  0  0  0  0  0  0  0  0  0  0  0  0  0  0  0  0  0  0  0  0  0  0  0  0  0  0  0]
[ 0  0  0  0  0  0  0  0  0  0  0  0  0  0  0  0  0  0  0  0  0  0  0  0  0  0  0  0  0  0  0  0  0  0  0  0  0  0  0  0  0  0  0  0  0  0  0  0  0  0  0  0  0  0  0  0  0  0  0 -1  0  0  0  0  0  0  0  0  0  0  0  0  0  0  0]
[ 0  0  0  0  0  0  0  0  0  0  0  0  0  0  0  0  0  0  0  0  0  0  0  0  0  0  1  0  0  0  0  0  0  0  0  0  0  0  0  0  0  0  0  0  0  0  0  0  0  0  0  0  0  0  0  0  0  0  0  0  0  0  0  0  0  0  0  0  0  0  0  0  0  0  0]
[ 0  0  0  0  0  0  0  0  0  0  0  0  0  0  0  0  0  0  0  0  0  0  0  0  0  0  0  0  0  0  0  0  0  0  0  0  0  0  0  0  0  0  0  0  0  0  1  0  0  0  0  0  0  0  0  0  0  0  0  0  0  0  0  0  0  0  0  0  0  0  0  0  0  0  0]
[ 0  0  0  0  0  0  0  0  0  0  0  0  0  0  0  0  0  0  0  0  0  0  0  0  0  0  0  0  0  0  0  0  0  0  0  0  0  0  0  0  0  0  0  0  0  0  0  0  0  0  0  0 -1  0  0  0  0  0  0  0  0  0  0  0  0  0  0  0  0  0  0  0  0  0  0]
[ 0  0  0  0  0  0  0  0  0  0  0  0  0  0  0  0  0  0  0  0  0  0  0  0  0  0  0  0  0  0  0  0  0  0  0  0  0  0  0  0  0  0  0  0  0  0  0  0  0  0  0  0  0  0  0  0  0  0  1  0  0  0  0  0  0  0  0  0  0  0  0  0  0  0  0]
[ 0  0  0  0  0  0  0  0  0  0  0  0  0  0  0  0  0  0  0  0  0  0  0  0  0  0  0  0  0  0  0  0  0  0  0  0  0  0  0  0  0  0  0  0 -1  0  0  0  0  0  0  0  0  0  0  0  0  0  0  0  0  0  0  0  0  0  0  0  0  0  0  0  0  0  0]
[ 0  0  0  0  0  0  0  0  0  0  0  0  0  0  0  1  0  0  0  0  0  0  0  0  0  0  0  0  0  0  0  0  0  0  0  0  0  0  0  0  0  0  0  0  0  0  0  0  0  0  0  0  0  0  0  0  0  0  0  0  0  0  0  0  0  0  0  0  0  0  0  0  0  0  0]
[ 0  0  0  0  0  0  0  0  0  0  0  0  0  0 -1  0  0  0  0  0  0  0  0  0  0  0  0  0  0  0  0  0  0  0  0  0  0  0  0  0  0  0  0  0  0  0  0  0  0  0  0  0  0  0  0  0  0  0  0  0  0  0  0  0  0  0  0  0  0  0  0  0  0  0  0]
[ 0  0  0  0  0  0  0  0  0  0  0  0  0  0  0  0  0  0  0  0  0  0  0  0  0  0  0  0  0  0  0  0  0  0  0  0  0  0  0  0  0  0  0  0  0  0  0  0  0  0  0  0  0  0  0  0  0  0  0  0  0  0  0  0  0  0  0  0  0  0  0  1  0  0  0]
[ 0  0  0  0  0  0  0  0  0  0  0  0  0  0  0  0  0  0  0  0  0  0  0  0  0  0  0  0  0  0 -1  0  0  0  0  0  0  0  0  0  0  0  0  0  0  0  0  0  0  0  0  0  0  0  0  0  0  0  0  0  0  0  0  0  0  0  0  0  0  0  0  0  0  0  0]
[ 0  0  0  0  0  0  0  0  0  0  0  0  0  0  0  0  0  0  0  0  0  0  0  0  0  0  0  0  0  0  0  0  0  0  0  0  0  0  0  0  0  0  0  0  0  0  0  0  0  0 -1  0  0  0  0  0  0  0  0  0  0  0  0  0  0  0  0  0  0  0  0  0  0  0  0]
[ 0  0  0  0  0  0  0  0  0  0  0  0  0  0  0  0 -1  0  0  0  0  0  0  0  0  0  0  0  0  0  0  0  0  0  0  0  0  0  0  0  0  0  0  0  0  0  0  0  0  0  0  0  0  0  0  0  0  0  0  0  0  0  0  0  0  0  0  0  0  0  0  0  0  0  0]
[ 0  0  0  0  0  0  0  0  0  0  0  0  0  0  0  0  0  0  0  0  0  0  0  0  0  0  0  0  0  0  0  0  0  0  0  0  0  0  0  0  0  0  0  0  0  0  0  0  0 -1  0  0  0  0  0  0  0  0  0  0  0  0  0  0  0  0  0  0  0  0  0  0  0  0  0]
[ 0  0  0  0  0  0  0  0  0  0  0  0  0  0  0  0  0  0  0  0  0  0  0  0  0  0  0 -1  0  0  0  0  0  0  0  0  0  0  0  0  0  0  0  0  0  0  0  0  0  0  0  0  0  0  0  0  0  0  0  0  0  0  0  0  0  0  0  0  0  0  0  0  0  0  0]
[ 0  0  0  0  0  0  0  0  0  0  0  0  0  0  0  0  0 -1  0  0  0  0  0  0  0  0  0  0  0  0  0  0  0  0  0  0  0  0  0  0  0  0  0  0  0  0  0  0  0  0  0  0  0  0  0  0  0  0  0  0  0  0  0  0  0  0  0  0  0  0  0  0  0  0  0]
[ 0  0  0  0  0  0  0  0  0  0  0  0  0  0  0  0  0  0  0  0  0  0  0  0  0  0  0  0  0  0  0  0  0  0  0  0  0  0  0  0  0  0  0  0  0  0  0  0  0  0  0  0  0  0  0  1  0  0  0  0  0  0  0  0  0  0  0  0  0  0  0  0  0  0  0]
[ 0  0  0  0  0  0  0  0  0  0  0  0  1  0  0  0  0  0  0  0  0  0  0  0  0  0  0  0  0  0  0  0  0  0  0  0  0  0  0  0  0  0  0  0  0  0  0  0  0  0  0  0  0  0  0  0  0  0  0  0  0  0  0  0  0  0  0  0  0  0  0  0  0  0  0]
[ 0  0  0  0  0  0  0  0  0  0  0  0  0  0  0  0  0  0  0  0  0  0  0  0  0  0  0  0  0  0  0  0  0  0  0 -1  0  0  0  0  0  0  0  0  0  0  0  0  0  0  0  0  0  0  0  0  0  0  0  0  0  0  0  0  0  0  0  0  0  0  0  0  0  0  0]
[ 0  0  0  0  0  0  0  0  0  0  0  0  0  0  0  0  0  0  0  0  0  0  0  0  0  0  0  0  0  0  0  0  0  0  0  0  0  0  0  0  0  0  0  0  0  0  0  0  0  0  0  0  0  0  0  0  0  0  0  0  0  0  0  0  0  1  0  0  0  0  0  0  0  0  0]
[ 0  0  0  0  0  0  0  0  0  0  0  0  0  0  0  0  0  0  0  0  0  0  0  0  0  0  0  0  0  0  0  0  0  0  0  0  0  0  0  0  0  0  0  1  0  0  0  0  0  0  0  0  0  0  0  0  0  0  0  0  0  0  0  0  0  0  0  0  0  0  0  0  0  0  0]
[ 0  0  0  0  0  0  0  0  0  0  0  0  0  0  0  0  0  0  0  0  0  0  0  0  0  0  0  0  0  0  0  0  0  0  0  0  0  0  0  0  0  0  0  0  0  0  0  0 -1  0  0  0  0  0  0  0  0  0  0  0  0  0  0  0  0  0  0  0  0  0  0  0  0  0  0]
[ 0  0  0  0  0  0  0  0  0  0  0  0  0 -1  0  0  0  0  0  0  0  0  0  0  0  0  0  0  0  0  0  0  0  0  0  0  0  0  0  0  0  0  0  0  0  0  0  0  0  0  0  0  0  0  0  0  0  0  0  0  0  0  0  0  0  0  0  0  0  0  0  0  0  0  0]
[ 0  0  0  0  0  0  0  0  0  0  0  0  0  0  0  0  0  0  0  0  0  0  0  0  0  0  0  0  0  0  0  0  0  0  0  0 -1  0  0  0  0  0  0  0  0  0  0  0  0  0  0  0  0  0  0  0  0  0  0  0  0  0  0  0  0  0  0  0  0  0  0  0  0  0  0]
[ 0  0  0  0  0  0  0  0  0  0  0  0  0  0  0  0  0  0  0  0  0  0  0  0  0  0  0  0  0  0  0  0  0  0  0  0  0  0  0  0  0  0  0  0  0  0  0  0  0  0  0  0  0  0  0  0  0  0  0  0 -1  0  0  0  0  0  0  0  0  0  0  0  0  0  0]
[ 0  0  0  0  0  0  0  0  0  0  0  0  0  0  0  0  0  0  0 -1  0  0  0  0  0  0  0  0  0  0  0  0  0  0  0  0  0  0  0  0  0  0  0  0  0  0  0  0  0  0  0  0  0  0  0  0  0  0  0  0  0  0  0  0  0  0  0  0  0  0  0  0  0  0  0]
[ 0  0  0  0  0  0  0  0  0  0  0  0  0  0  0  0  0  0  0  0  0  0  0  0  0  0  0  0  0  0  0  0  0  0  0  0  0  0  0  0  0  0  0  0  0  0  0  0  0  0  0  0  0  0  0  0  0  0  0  0  0  0  0  0  0  0  0  0  0  0  0  0  0 -1  0]
[ 0  0  0  0  0  0  0  0  0  0  0  0  0  0  0  0  0  0  0  0  0  0  0  0  0  0  0  0  0  0  0  0  0  0  0  0  0  0  0  0  0  0  0  0  0  0  0  1  0  0  0  0  0  0  0  0  0  0  0  0  0  0  0  0  0  0  0  0  0  0  0  0  0  0  0]
[ 0  0  0  0  0  0  0  0  0  0  0  0  0  0  0  0  0  0  0  0  0  0  0  0  0  0  0  0  0  0  0  0  0  0  0  0  0  0  0  0  0  0  0  0  0  0  0  0  0  0  0  0  0  0  0  0  0  0  0  0  0  0  0  0  0  0  1  0  0  0  0  0  0  0  0]
[ 0  0  0  0  0  0  0  0  0  0  0  0  0  0  0  0  0  0  0  0  0  0  0  0  1  0  0  0  0  0  0  0  0  0  0  0  0  0  0  0  0  0  0  0  0  0  0  0  0  0  0  0  0  0  0  0  0  0  0  0  0  0  0  0  0  0  0  0  0  0  0  0  0  0  0]
[ 0  0  0  0  0  0  0  0  0  0  0  0  0  0  0  0  0  0  0  0  0  0  0  0  0  0  0  0  0  0  0  0  1  0  0  0  0  0  0  0  0  0  0  0  0  0  0  0  0  0  0  0  0  0  0  0  0  0  0  0  0  0  0  0  0  0  0  0  0  0  0  0  0  0  0]
[ 0  0  0  0  0  0  0  0  0  0  0  0  0  0  0  0  0  0  0  0  0  0  0  0  0  0  0  0  0  0  0  0  0  0  0  0  0  0  0 -1  0  0  0  0  0  0  0  0  0  0  0  0  0  0  0  0  0  0  0  0  0  0  0  0  0  0  0  0  0  0  0  0  0  0  0]
[ 0  0  0  0  0  0  0  0  0  0  0  0  0  0  0  0  0  0  0  0  0  0  0  0  0  0  0  0  0  0  0  0  0  0  0  0  0  0  0  0  1  0  0  0  0  0  0  0  0  0  0  0  0  0  0  0  0  0  0  0  0  0  0  0  0  0  0  0  0  0  0  0  0  0  0]
[ 0  0  0  0  0  0  0  0  0  0  0  0  0  0  0  0  0  0  0  0  0  0  0  0  0  0  0  0  0  0  0  0  0  0  0  0  0  0  0  0  0  0  0  0  0  0  0  0  0  0  0  0  0 -1  0  0  0  0  0  0  0  0  0  0  0  0  0  0  0  0  0  0  0  0  0]
[ 0  0  0  0  0  0  0  0  0  0  0  0  0  0  0  0  0  0  0  0  0  0  0  0  0  0  0  0  0  0  0  0  0  0  0  0  0 -1  0  0  0  0  0  0  0  0  0  0  0  0  0  0  0  0  0  0  0  0  0  0  0  0  0  0  0  0  0  0  0  0  0  0  0  0  0]
[ 0  0  0  0  0  0  0  0  0  0  0  0  0  0  0  0  0  0  0  0  0  0  0  0  0  0  0  0  0  0  0  0  0  0  0  0  0  0  0  0  0  0  0  0  0  0  0  0  0  0  0 -1  0  0  0  0  0  0  0  0  0  0  0  0  0  0  0  0  0  0  0  0  0  0  0]
[ 0  0  0  0  0  0  0  0  0  0  0  1  0  0  0  0  0  0  0  0  0  0  0  0  0  0  0  0  0  0  0  0  0  0  0  0  0  0  0  0  0  0  0  0  0  0  0  0  0  0  0  0  0  0  0  0  0  0  0  0  0  0  0  0  0  0  0  0  0  0  0  0  0  0  0]
[ 0  0  0  0  0  0  0  0  0  0  0  0  0  0  0  0  0  0  0  0  0  0  0  0  0  0  0  0  0  0  0  0  0  0  1  0  0  0  0  0  0  0  0  0  0  0  0  0  0  0  0  0  0  0  0  0  0  0  0  0  0  0  0  0  0  0  0  0  0  0  0  0  0  0  0]
[ 0  0  0  0  0  0  0  0  0  0  0  0  0  0  0  0  0  0  0  0  0  0  0  0  0  0  0  0  0 -1  0  0  0  0  0  0  0  0  0  0  0  0  0  0  0  0  0  0  0  0  0  0  0  0  0  0  0  0  0  0  0  0  0  0  0  0  0  0  0  0  0  0  0  0  0]
[ 0  0  0  0  0  0  0  0  0  0  0  0  0  0  0  0  0  0  0  0  0  0  0  0  0  0  0  0  0  0  0  0  0  0  0  0  0  0  0  0  0  0  0  0  0  0  0  0  0  0  0  0  0  0 -1  0  0  0  0  0  0  0  0  0  0  0  0  0  0  0  0  0  0  0  0]
[ 0  0  0  0  0  0  0  0  0  0  0  0  0  0  0  0  0  0  0  0 -1  0  0  0  0  0  0  0  0  0  0  0  0  0  0  0  0  0  0  0  0  0  0  0  0  0  0  0  0  0  0  0  0  0  0  0  0  0  0  0  0  0  0  0  0  0  0  0  0  0  0  0  0  0  0]
[ 0  0  0  0  0  0  0  0  0  0  0  0  0  0  0  0  0  0  0  0  0  0  0  0  0  0  0  0  1  0  0  0  0  0  0  0  0  0  0  0  0  0  0  0  0  0  0  0  0  0  0  0  0  0  0  0  0  0  0  0  0  0  0  0  0  0  0  0  0  0  0  0  0  0  0]
[ 0 -1  0  0  0  0  0  0  0  0  0  0  0  0  0  0  0  0  0  0  0  0  0  0  0  0  0  0  0  0  0  0  0  0  0  0  0  0  0  0  0  0  0  0  0  0  0  0  0  0  0  0  0  0  0  0  0  0  0  0  0  0  0  0  0  0  0  0  0  0  0  0  0  0  0]
[ 0  0  0  0  0  0  0  0  0  0  0  0  0  0  0  0  0  0  0  0  0  0  0  0  0  0  0  0  0  0  0  0  0  0  0  0  0  0  0  0  0  0  0  0  0  0  0  0  0  0  0  0  0  0  0  0  0  0  0  0  0  0  0  0  0  0  0  0  1  0  0  0  0  0  0]
[ 0  0  0  0  0  0  0  0  0  0  0  0  0  0  0  0  0  0  0  0  0  0  0 -1  0  0  0  0  0  0  0  0  0  0  0  0  0  0  0  0  0  0  0  0  0  0  0  0  0  0  0  0  0  0  0  0  0  0  0  0  0  0  0  0  0  0  0  0  0  0  0  0  0  0  0]
[ 0  0  0  0  0  0  0  0  0  0  0  0  0  0  0  0  0  0  0  0  0  0  0  0  0  0  0  0  0  0  0  0  0  0  0  0  0  0  0  0  0  0  0  0  0  0  0  0  0  0  0  0  0  0  0  0  0  0  0  0  0  0  0  0  0  0  0  0  0  1  0  0  0  0  0]
[ 0  0  0  0 -1  0  0  0  0  0  0  0  0  0  0  0  0  0  0  0  0  0  0  0  0  0  0  0  0  0  0  0  0  0  0  0  0  0  0  0  0  0  0  0  0  0  0  0  0  0  0  0  0  0  0  0  0  0  0  0  0  0  0  0  0  0  0  0  0  0  0  0  0  0  0] 
; encaps_ciphertext = (c := (c, Z) :  [[1071/1097, 1069/1097, 8/1097, 43/1097, 1000/1097, 43/1097, 1079/1097, 1042/1097, 50/1097, 1068/1097, 1048/1097, 1075/1097, 1017/1097, 1088/1097, 991/1097, 5/1097, 46/1097, 30/1097, 74/1097, 115/1097, 1061/1097, 41/1097, 1088/1097, 15/1097, 1089/1097, 41/1097, 1/1097, 1085/1097, 1047/1097, 1070/1097, 5/1097, 62/1097, 1014/1097, 47/1097, 5/1097, 1054/1097, 33/1097, 34/1097, 1094/1097, 994/1097, 1051/1097, 36/1097, 129/1097, 1054/1097, 1029/1097, 1049/1097, 125/1097, 1027/1097, 1024/1097, 45/1097, 1045/1097, 1/1097, 1023/1097, 65/1097, 37/1097, 1032/1097, 62/1097, 1024/1097, 33/1097, 983/1097, 70/1097, 991/1097, 25/1097, 51/1097, 24/1097, 1058/1097, 1057/1097, 1065/1097, 1063/1097, 56/1097, 1093/1097, 1063/1097, 1073/1097, 98/1097, 73/1097]] 

Uc::::::  [  991/1097]
[   -8/1097]
[   41/1097]
[-1042/1097]
[   25/1097]
[  -62/1097]
[  -41/1097]
[  -50/1097]
[-1073/1097]
[  -24/1097]
[-1048/1097]
[  -43/1097]
[ 1065/1097]
[   43/1097]
[-1071/1097]
[  -36/1097]
[ 1079/1097]
[  -62/1097]
[   51/1097]
[-1088/1097]
[-1093/1097]
[  -73/1097]
[ -129/1097]
[   47/1097]
[  -74/1097]
[ 1049/1097]
[-1068/1097]
[-1024/1097]
[-1094/1097]
[ -983/1097]
[    1/1097]
[  125/1097]
[-1023/1097]
[   33/1097]
[-1029/1097]
[    5/1097]
[ -991/1097]
[ 1063/1097]
[   -5/1097]
[-1045/1097]
[  -46/1097]
[  -45/1097]
[-1085/1097]
[  -30/1097]
[ 1032/1097]
[ 1017/1097]
[-1054/1097]
[ 1058/1097]
[ 1054/1097]
[-1024/1097]
[-1088/1097]
[  -33/1097]
[  -70/1097]
[ -115/1097]
[  -98/1097]
[ 1027/1097]
[ 1057/1097]
[ 1089/1097]
[ 1014/1097]
[ -994/1097]
[ 1051/1097]
[  -65/1097]
[  -34/1097]
[   -1/1097]
[ 1075/1097]
[    5/1097]
[-1070/1097]
[  -37/1097]
[-1061/1097]
[ 1047/1097]
[-1069/1097]
[ 1063/1097]
[  -15/1097]
[   56/1097]
[-1000/1097]
y at decode:  [ 1]
[ 0]
[ 0]
[-1]
[ 0]
[ 0]
[ 0]
[ 0]
[-1]
[ 0]
[-1]
[ 0]
[ 1]
[ 0]
[-1]
[ 0]
[ 1]
[ 0]
[ 0]
[-1]
[-1]
[ 0]
[ 0]
[ 0]
[ 0]
[ 1]
[-1]
[-1]
[-1]
[-1]
[ 0]
[ 0]
[-1]
[ 0]
[-1]
[ 0]
[-1]
[ 1]
[ 0]
[-1]
[ 0]
[ 0]
[-1]
[ 0]
[ 1]
[ 1]
[-1]
[ 1]
[ 1]
[-1]
[-1]
[ 0]
[ 0]
[ 0]
[ 0]
[ 1]
[ 1]
[ 1]
[ 1]
[-1]
[ 1]
[ 0]
[ 0]
[ 0]
[ 1]
[ 0]
[-1]
[ 0]
[-1]
[ 1]
[-1]
[ 1]
[ 0]
[ 0]
[-1]
begin matrix subtraction
[ 1]
[ 0]
[ 0]
[-1]
[ 0]
[ 0]
[ 0]
[ 0]
[-1]
[ 0]
[-1]
[ 0]
[ 1]
[ 0]
[-1]
[ 0]
[ 1]
[ 0]
[ 0]
[-1]
[-1]
[ 0]
[ 0]
[ 0]
[ 0]
[ 1]
[-1]
[-1]
[-1]
[-1]
[ 0]
[ 0]
[-1]
[ 0]
[-1]
[ 0]
[-1]
[ 1]
[ 0]
[-1]
[ 0]
[ 0]
[-1]
[ 0]
[ 1]
[ 1]
[-1]
[ 1]
[ 1]
[-1]
[-1]
[ 0]
[ 0]
[ 0]
[ 0]
[ 1]
[ 1]
[ 1]
[ 1]
[-1]
[ 1]
[ 0]
[ 0]
[ 0]
[ 1]
[ 0]
[-1]
[ 0]
[-1]
[ 1]
[-1]
[ 1]
[ 0]
[ 0]
[-1]  M1!
[  991/1097]
[   -8/1097]
[   41/1097]
[-1042/1097]
[   25/1097]
[  -62/1097]
[  -41/1097]
[  -50/1097]
[-1073/1097]
[  -24/1097]
[-1048/1097]
[  -43/1097]
[ 1065/1097]
[   43/1097]
[-1071/1097]
[  -36/1097]
[ 1079/1097]
[  -62/1097]
[   51/1097]
[-1088/1097]
[-1093/1097]
[  -73/1097]
[ -129/1097]
[   47/1097]
[  -74/1097]
[ 1049/1097]
[-1068/1097]
[-1024/1097]
[-1094/1097]
[ -983/1097]
[    1/1097]
[  125/1097]
[-1023/1097]
[   33/1097]
[-1029/1097]
[    5/1097]
[ -991/1097]
[ 1063/1097]
[   -5/1097]
[-1045/1097]
[  -46/1097]
[  -45/1097]
[-1085/1097]
[  -30/1097]
[ 1032/1097]
[ 1017/1097]
[-1054/1097]
[ 1058/1097]
[ 1054/1097]
[-1024/1097]
[-1088/1097]
[  -33/1097]
[  -70/1097]
[ -115/1097]
[  -98/1097]
[ 1027/1097]
[ 1057/1097]
[ 1089/1097]
[ 1014/1097]
[ -994/1097]
[ 1051/1097]
[  -65/1097]
[  -34/1097]
[   -1/1097]
[ 1075/1097]
[    5/1097]
[-1070/1097]
[  -37/1097]
[-1061/1097]
[ 1047/1097]
[-1069/1097]
[ 1063/1097]
[  -15/1097]
[   56/1097]
[-1000/1097]  M2!
[ 106/1097]
[   8/1097]
[ -41/1097]
[ -55/1097]
[ -25/1097]
[  62/1097]
[  41/1097]
[  50/1097]
[ -24/1097]
[  24/1097]
[ -49/1097]
[  43/1097]
[  32/1097]
[ -43/1097]
[ -26/1097]
[  36/1097]
[  18/1097]
[  62/1097]
[ -51/1097]
[  -9/1097]
[  -4/1097]
[  73/1097]
[ 129/1097]
[ -47/1097]
[  74/1097]
[  48/1097]
[ -29/1097]
[ -73/1097]
[  -3/1097]
[-114/1097]
[  -1/1097]
[-125/1097]
[ -74/1097]
[ -33/1097]
[ -68/1097]
[  -5/1097]
[-106/1097]
[  34/1097]
[   5/1097]
[ -52/1097]
[  46/1097]
[  45/1097]
[ -12/1097]
[  30/1097]
[  65/1097]
[  80/1097]
[ -43/1097]
[  39/1097]
[  43/1097]
[ -73/1097]
[  -9/1097]
[  33/1097]
[  70/1097]
[ 115/1097]
[  98/1097]
[  70/1097]
[  40/1097]
[   8/1097]
[  83/1097]
[-103/1097]
[  46/1097]
[  65/1097]
[  34/1097]
[   1/1097]
[  22/1097]
[  -5/1097]
[ -27/1097]
[  37/1097]
[ -36/1097]
[  50/1097]
[ -28/1097]
[  34/1097]
[  15/1097]
[ -56/1097]
[ -97/1097]  RES!
end matrix subtraction
quad_norm of y-(U*c) :   1/1097*sqrt(242794)
GOOD SAMPLE, SAMPLE:  [ 1]
[ 0]
[ 0]
[-1]
[ 0]
[ 0]
[ 0]
[ 0]
[-1]
[ 0]
[-1]
[ 0]
[ 1]
[ 0]
[-1]
[ 0]
[ 1]
[ 0]
[ 0]
[-1]
[-1]
[ 0]
[ 0]
[ 0]
[ 0]
[ 1]
[-1]
[-1]
[-1]
[-1]
[ 0]
[ 0]
[-1]
[ 0]
[-1]
[ 0]
[-1]
[ 1]
[ 0]
[-1]
[ 0]
[ 0]
[-1]
[ 0]
[ 1]
[ 1]
[-1]
[ 1]
[ 1]
[-1]
[-1]
[ 0]
[ 0]
[ 0]
[ 0]
[ 1]
[ 1]
[ 1]
[ 1]
[-1]
[ 1]
[ 0]
[ 0]
[ 0]
[ 1]
[ 0]
[-1]
[ 0]
[-1]
[ 1]
[-1]
[ 1]
[ 0]
[ 0]
[-1]
U_invert_times_y:::::  [1]
[1]
[0]
[0]
[1]
[0]
[1]
[1]
[0]
[1]
[1]
[1]
[1]
[1]
[1]
[0]
[0]
[0]
[0]
[0]
[1]
[0]
[1]
[0]
[1]
[0]
[0]
[1]
[1]
[1]
[0]
[0]
[1]
[0]
[0]
[1]
[0]
[0]
[1]
[1]
[1]
[0]
[0]
[1]
[1]
[1]
[0]
[1]
[1]
[0]
[1]
[0]
[1]
[0]
[0]
[1]
[0]
[1]
[0]
[1]
[0]
[1]
[0]
[0]
[0]
[1]
[1]
[1]
[1]
[0]
[1]
[1]
[1]
[0]
[0]
begin matrix subtraction
[1071/1097 1069/1097    8/1097   43/1097 1000/1097   43/1097 1079/1097 1042/1097   50/1097 1068/1097 1048/1097 1075/1097 1017/1097 1088/1097  991/1097    5/1097   46/1097   30/1097   74/1097  115/1097 1061/1097   41/1097 1088/1097   15/1097 1089/1097   41/1097    1/1097 1085/1097 1047/1097 1070/1097    5/1097   62/1097 1014/1097   47/1097    5/1097 1054/1097   33/1097   34/1097 1094/1097  994/1097 1051/1097   36/1097  129/1097 1054/1097 1029/1097 1049/1097  125/1097 1027/1097 1024/1097   45/1097 1045/1097    1/1097 1023/1097   65/1097   37/1097 1032/1097   62/1097 1024/1097   33/1097  983/1097   70/1097  991/1097   25/1097   51/1097   24/1097 1058/1097 1057/1097 1065/1097 1063/1097   56/1097 1093/1097 1063/1097 1073/1097   98/1097   73/1097]  M1!
[1 1 0 0 1 0 1 1 0 1 1 1 1 1 1 0 0 0 0 0 1 0 1 0 1 0 0 1 1 1 0 0 1 0 0 1 0 0 1 1 1 0 0 1 1 1 0 1 1 0 1 0 1 0 0 1 0 1 0 1 0 1 0 0 0 1 1 1 1 0 1 1 1 0 0]  M2!
[ -26/1097  -28/1097    8/1097   43/1097  -97/1097   43/1097  -18/1097  -55/1097   50/1097  -29/1097  -49/1097  -22/1097  -80/1097   -9/1097 -106/1097    5/1097   46/1097   30/1097   74/1097  115/1097  -36/1097   41/1097   -9/1097   15/1097   -8/1097   41/1097    1/1097  -12/1097  -50/1097  -27/1097    5/1097   62/1097  -83/1097   47/1097    5/1097  -43/1097   33/1097   34/1097   -3/1097 -103/1097  -46/1097   36/1097  129/1097  -43/1097  -68/1097  -48/1097  125/1097  -70/1097  -73/1097   45/1097  -52/1097    1/1097  -74/1097   65/1097   37/1097  -65/1097   62/1097  -73/1097   33/1097 -114/1097   70/1097 -106/1097   25/1097   51/1097   24/1097  -39/1097  -40/1097  -32/1097  -34/1097   56/1097   -4/1097  -34/1097  -24/1097   98/1097   73/1097]  RES!
end matrix subtraction
c_minus_Uy_list :::::  [-26/1097, -28/1097, 8/1097, 43/1097, -97/1097, 43/1097, -18/1097, -55/1097, 50/1097, -29/1097, -49/1097, -22/1097, -80/1097, -9/1097, -106/1097, 5/1097, 46/1097, 30/1097, 74/1097, 115/1097, -36/1097, 41/1097, -9/1097, 15/1097, -8/1097, 41/1097, 1/1097, -12/1097, -50/1097, -27/1097, 5/1097, 62/1097, -83/1097, 47/1097, 5/1097, -43/1097, 33/1097, 34/1097, -3/1097, -103/1097, -46/1097, 36/1097, 129/1097, -43/1097, -68/1097, -48/1097, 125/1097, -70/1097, -73/1097, 45/1097, -52/1097, 1/1097, -74/1097, 65/1097, 37/1097, -65/1097, 62/1097, -73/1097, 33/1097, -114/1097, 70/1097, -106/1097, 25/1097, 51/1097, 24/1097, -39/1097, -40/1097, -32/1097, -34/1097, 56/1097, -4/1097, -34/1097, -24/1097, 98/1097, 73/1097]
extractor input vector: :::  [-26/1097, -28/1097, 8/1097, 43/1097, -97/1097, 43/1097, -18/1097, -55/1097, 50/1097, -29/1097, -49/1097, -22/1097, -80/1097, -9/1097, -106/1097, 5/1097, 46/1097, 30/1097, 74/1097, 115/1097, -36/1097, 41/1097, -9/1097, 15/1097, -8/1097, 41/1097, 1/1097, -12/1097, -50/1097, -27/1097, 5/1097, 62/1097, -83/1097, 47/1097, 5/1097, -43/1097, 33/1097, 34/1097, -3/1097, -103/1097, -46/1097, 36/1097, 129/1097, -43/1097, -68/1097, -48/1097, 125/1097, -70/1097, -73/1097, 45/1097, -52/1097, 1/1097, -74/1097, 65/1097, 37/1097, -65/1097, 62/1097, -73/1097, 33/1097, -114/1097, 70/1097, -106/1097, 25/1097, 51/1097, 24/1097, -39/1097, -40/1097, -32/1097, -34/1097, 56/1097, -4/1097, -34/1097, -24/1097, 98/1097, 73/1097]
decaps_symmetric_k:  d807334bd59a7c32aaa04c4b2647394c542eb1a99081d72711fa3ea7136c5405
is encaps_symmetric_k equal to decaps_symmetric_k?:  True
